Half-degree cell series of precipitation
Centre Latitude:              4.25
Centre Longitude:           -74.75
CRU TS Version:               4.04
Units:                     mm/month 

  Yr  Mo     Value   N.Obs
1901   1     36.60     1
1901   2     92.50     1
1901   3    116.60     1
1901   4     89.60     1
1901   5    159.60     1
1901   6     34.80     1
1901   7    116.70     1
1901   8    205.60     1
1901   9     95.50     1
1901  10    361.10     1
1901  11    383.40     1
1901  12    101.40     1
1902   1    220.50     1
1902   2     70.30     1
1902   3    316.90     1
1902   4    165.90     1
1902   5    112.00     1
1902   6     50.70     1
1902   7     20.70     1
1902   8     48.20     1
1902   9    115.60     1
1902  10    156.60     1
1902  11    194.70     1
1902  12     48.30     1
1903   1     59.90     1
1903   2     75.10     1
1903   3     64.10     1
1903   4    192.60     1
1903   5    166.20     1
1903   6    228.00     1
1903   7     21.50     1
1903   8    199.10     1
1903   9     93.50     1
1903  10    120.30     1
1903  11    270.00     1
1903  12    184.50     1
1904   1     92.60     1
1904   2    128.60     1
1904   3    321.50     1
1904   4    329.80     1
1904   5    251.00     1
1904   6     47.70     1
1904   7     71.80     1
1904   8     58.70     1
1904   9     80.90     1
1904  10    288.50     1
1904  11     63.00     1
1904  12     47.50     1
1905   1    125.30     1
1905   2     28.70     1
1905   3     97.20     1
1905   4    212.00     1
1905   5    207.20     1
1905   6    103.60     1
1905   7     48.70     1
1905   8     29.20     1
1905   9    220.30     1
1905  10    237.40     1
1905  11    358.50     1
1905  12    253.70     1
1906   1     38.80     1
1906   2    132.30     1
1906   3    117.20     1
1906   4    336.70     1
1906   5    231.80     1
1906   6    173.80     1
1906   7     97.10     1
1906   8     65.80     1
1906   9     26.50     1
1906  10    253.70     1
1906  11    179.80     1
1906  12     87.60     1
1907   1     58.00     1
1907   2    211.90     1
1907   3    413.90     1
1907   4    364.10     1
1907   5    193.00     1
1907   6    130.50     1
1907   7    142.20     1
1907   8     73.00     1
1907   9    169.60     1
1907  10    196.80     1
1907  11    164.70     1
1907  12    119.50     1
1908   1    149.40     1
1908   2    100.90     1
1908   3    240.90     1
1908   4    169.50     1
1908   5     75.50     1
1908   6     70.40     1
1908   7     80.20     1
1908   8    106.50     1
1908   9    181.90     1
1908  10    497.80     1
1908  11    193.50     1
1908  12    209.60     1
1909   1     78.50     1
1909   2    216.60     1
1909   3     19.00     1
1909   4    215.10     1
1909   5    295.60     1
1909   6    150.90     1
1909   7    181.00     1
1909   8    112.40     1
1909   9    108.80     1
1909  10    207.20     1
1909  11    160.40     1
1909  12     94.80     1
1910   1    259.40     1
1910   2     97.40     1
1910   3    437.00     1
1910   4    150.90     1
1910   5    514.20     1
1910   6    181.00     1
1910   7     69.00     0
1910   8     60.20     1
1910   9    181.90     1
1910  10    389.60     1
1910  11    143.90     1
1910  12    214.40     1
1911   1     93.20     1
1911   2    242.40     1
1911   3    183.80     1
1911   4    337.90     1
1911   5    227.00     1
1911   6    107.70     1
1911   7     72.80     1
1911   8     35.90     1
1911   9     14.60     1
1911  10     87.30     1
1911  11    159.30     1
1911  12     64.20     1
1912   1    102.60     1
1912   2    109.40     1
1912   3    108.20     1
1912   4    197.40     1
1912   5    113.70     1
1912   6     57.20     1
1912   7     95.50     1
1912   8    218.20     1
1912   9    134.60     1
1912  10    186.40     1
1912  11    347.00     1
1912  12    156.00     1
1913   1     39.50     1
1913   2     63.90     1
1913   3    159.10     1
1913   4    459.90     1
1913   5    214.00     1
1913   6     99.80     1
1913   7     35.90     1
1913   8     35.70     1
1913   9    413.10     1
1913  10    237.00     1
1913  11    248.50     1
1913  12    147.00     1
1914   1     58.20     1
1914   2     57.10     1
1914   3     47.80     1
1914   4    324.20     1
1914   5     47.60     1
1914   6     47.50     1
1914   7     27.20     1
1914   8     77.10     1
1914   9     32.70     1
1914  10    253.90     1
1914  11    387.60     1
1914  12    179.50     1
1915   1     82.00     1
1915   2    161.40     1
1915   3     58.90     1
1915   4    254.80     1
1915   5    290.90     1
1915   6    142.00     1
1915   7    102.50     1
1915   8    219.00     1
1915   9    108.30     1
1915  10    276.50     1
1915  11    190.60     1
1915  12    105.90     1
1916   1     88.90     1
1916   2     59.90     1
1916   3    250.30     1
1916   4    287.60     1
1916   5     74.20     1
1916   6    235.20     1
1916   7     91.50     1
1916   8     93.90     1
1916   9    114.30     1
1916  10    260.90     1
1916  11    145.50     1
1916  12    119.30     1
1917   1    199.50     1
1917   2    113.70     1
1917   3    241.30     1
1917   4    374.40     1
1917   5    410.30     1
1917   6    145.00     1
1917   7     81.60     1
1917   8    185.70     1
1917   9    104.20     1
1917  10    138.30     1
1917  11    279.70     1
1917  12    146.60     1
1918   1    119.40     1
1918   2    112.20     1
1918   3    182.20     1
1918   4    450.30     1
1918   5    212.30     1
1918   6     50.70     1
1918   7     44.10     1
1918   8     35.90     1
1918   9     79.80     1
1918  10    311.50     1
1918  11    332.60     1
1918  12     31.30     1
1919   1    111.00     1
1919   2     56.90     1
1919   3     89.90     1
1919   4    226.70     1
1919   5    161.10     1
1919   6    113.80     1
1919   7    123.90     1
1919   8    109.40     1
1919   9    231.50     1
1919  10    122.50     1
1919  11    218.30     1
1919  12    195.50     1
1920   1     56.20     1
1920   2    126.70     1
1920   3    116.80     1
1920   4    108.90     1
1920   5    426.70     1
1920   6     86.90     1
1920   7    184.50     1
1920   8     81.60     1
1920   9    165.20     1
1920  10    430.20     1
1920  11     70.70     1
1920  12    143.80     1
1921   1    179.20     1
1921   2    194.50     1
1921   3    475.10     1
1921   4    260.20     1
1921   5    427.30     1
1921   6    187.10     1
1921   7    143.90     1
1921   8     55.20     1
1921   9    247.70     1
1921  10    353.10     1
1921  11    109.20     1
1921  12    219.80     1
1922   1      4.90     1
1922   2    191.90     1
1922   3    333.10     1
1922   4    161.20     1
1922   5    232.90     1
1922   6    323.00     1
1922   7     69.00     0
1922   8     15.80     1
1922   9     77.30     1
1922  10    177.70     1
1922  11    209.50     1
1922  12    160.50     1
1923   1     14.10     1
1923   2     21.40     1
1923   3    101.40     1
1923   4    136.90     1
1923   5    200.80     1
1923   6     61.20     1
1923   7    110.70     1
1923   8    106.10     1
1923   9     42.80     1
1923  10    162.70     1
1923  11    106.70     1
1923  12    199.60     1
1924   1      0.60     1
1924   2      7.10     1
1924   3    109.60     1
1924   4     82.50     1
1924   5    173.40     1
1924   6    154.30     1
1924   7     99.00     1
1924   8     40.90     1
1924   9    141.00     0
1924  10    278.50     1
1924  11    444.00     1
1924  12    195.80     1
1925   1     98.60     2
1925   2    153.60     2
1925   3    300.40     2
1925   4    451.40     2
1925   5    165.60     2
1925   6    102.90     2
1925   7     86.00     2
1925   8    100.40     2
1925   9    181.40     2
1925  10    144.90     2
1925  11    185.90     2
1925  12     59.70     2
1926   1      7.80     2
1926   2     60.00     2
1926   3     84.70     2
1926   4     92.90     2
1926   5    153.70     2
1926   6    200.60     2
1926   7     75.50     2
1926   8    101.20     2
1926   9    110.40     2
1926  10    352.70     2
1926  11    232.00     2
1926  12    236.10     2
1927   1    106.80     2
1927   2    115.90     2
1927   3    187.10     2
1927   4    213.60     2
1927   5    285.10     2
1927   6    129.60     2
1927   7    104.90     2
1927   8    101.40     2
1927   9    201.30     2
1927  10    248.10     2
1927  11    224.50     2
1927  12    108.00     2
1928   1     63.00     2
1928   2     90.90     2
1928   3    199.00     2
1928   4    164.60     2
1928   5    238.40     2
1928   6    134.80     2
1928   7    107.90     2
1928   8     74.00     2
1928   9    114.30     2
1928  10    130.70     2
1928  11    383.30     2
1928  12    215.30     2
1929   1      6.50     2
1929   2      5.40     2
1929   3    188.60     2
1929   4    276.10     2
1929   5    292.20     2
1929   6    152.00     2
1929   7     80.80     2
1929   8     46.30     2
1929   9    122.70     2
1929  10    185.10     2
1929  11    117.40     2
1929  12     27.50     2
1930   1    116.20     3
1930   2    133.50     3
1930   3    158.50     3
1930   4    246.30     3
1930   5    107.80     3
1930   6    154.80     3
1930   7     90.50     3
1930   8     66.90     3
1930   9     84.40     3
1930  10    285.90     3
1930  11    106.80     3
1930  12     85.10     3
1931   1     66.10     3
1931   2    107.00     3
1931   3    116.30     3
1931   4    180.80     3
1931   5    263.10     3
1931   6    146.50     3
1931   7    133.10     3
1931   8     46.40     3
1931   9    160.30     3
1931  10    200.70     3
1931  11    262.60     3
1931  12    160.90     3
1932   1    166.30     2
1932   2     92.30     2
1932   3     60.90     2
1932   4     97.40     2
1932   5    205.80     2
1932   6    110.90     2
1932   7     73.50     2
1932   8     69.40     2
1932   9    159.60     2
1932  10    293.30     2
1932  11    272.50     2
1932  12    173.40     2
1933   1    115.90     3
1933   2     22.30     3
1933   3    183.50     3
1933   4    280.10     3
1933   5    242.70     3
1933   6    141.80     3
1933   7     58.20     3
1933   8    101.40     3
1933   9    130.50     3
1933  10    214.60     3
1933  11    360.40     3
1933  12    249.80     3
1934   1    106.50     2
1934   2    179.00     2
1934   3    150.80     2
1934   4     79.30     2
1934   5    294.90     2
1934   6    131.80     2
1934   7     94.50     2
1934   8     45.50     2
1934   9    103.00     2
1934  10    315.00     2
1934  11    300.70     2
1934  12    111.50     2
1935   1    156.10     2
1935   2    185.10     2
1935   3    254.90     2
1935   4    228.20     2
1935   5    205.30     2
1935   6    145.10     2
1935   7    100.10     2
1935   8    126.70     2
1935   9    115.80     2
1935  10    209.00     2
1935  11    481.50     2
1935  12     43.20     2
1936   1     68.30     2
1936   2     60.80     2
1936   3    153.60     2
1936   4    106.80     2
1936   5    256.90     2
1936   6    157.20     2
1936   7     85.20     2
1936   8     79.30     2
1936   9     92.60     2
1936  10    265.60     2
1936  11    127.70     2
1936  12    205.80     2
1937   1    189.10     2
1937   2    122.80     2
1937   3    239.00     2
1937   4     89.30     2
1937   5    209.10     2
1937   6     85.00     2
1937   7     78.70     2
1937   8     59.20     2
1937   9    224.40     2
1937  10    212.60     2
1937  11    250.00     2
1937  12    231.60     2
1938   1    190.30     2
1938   2    101.10     2
1938   3    271.80     2
1938   4    472.40     2
1938   5    332.60     2
1938   6     88.30     2
1938   7    110.20     2
1938   8    120.00     2
1938   9     50.70     2
1938  10    327.10     2
1938  11    337.90     2
1938  12    235.30     2
1939   1     43.50     2
1939   2     33.70     2
1939   3    147.40     2
1939   4    115.80     2
1939   5    154.60     2
1939   6    148.10     2
1939   7     72.00     2
1939   8     53.30     2
1939   9     80.70     2
1939  10    289.70     2
1939  11    161.70     2
1939  12    139.20     2
1940   1    107.00     2
1940   2     97.80     2
1940   3     56.50     2
1940   4     94.70     2
1940   5    187.70     2
1940   6    116.20     2
1940   7     37.50     2
1940   8     37.70     2
1940   9    113.20     2
1940  10    309.40     2
1940  11    346.10     2
1940  12    130.20     2
1941   1    103.40     3
1941   2    105.90     3
1941   3     58.90     3
1941   4    139.30     3
1941   5     75.60     3
1941   6     52.90     3
1941   7     31.60     3
1941   8     54.60     3
1941   9     89.40     3
1941  10    123.80     3
1941  11    169.50     3
1941  12     76.40     3
1942   1     75.70     3
1942   2     98.80     3
1942   3    110.10     3
1942   4    164.20     3
1942   5    192.30     3
1942   6     89.30     3
1942   7     66.30     3
1942   8     52.70     3
1942   9     95.30     3
1942  10    167.40     3
1942  11    134.20     3
1942  12    113.50     3
1943   1    224.30     3
1943   2    137.60     3
1943   3    133.50     3
1943   4    248.20     3
1943   5    176.30     3
1943   6    149.70     3
1943   7     54.10     3
1943   8    121.70     3
1943   9     61.80     3
1943  10    320.60     3
1943  11    217.10     3
1943  12    125.60     3
1944   1     69.90     3
1944   2     86.10     3
1944   3    114.10     3
1944   4    165.50     3
1944   5    272.30     3
1944   6    198.50     3
1944   7     26.30     3
1944   8     55.80     3
1944   9     67.50     3
1944  10    278.50     3
1944  11    151.10     3
1944  12    119.70     3
1945   1     63.00     3
1945   2     82.40     3
1945   3     63.50     3
1945   4    269.60     3
1945   5    315.30     3
1945   6     53.20     3
1945   7     58.20     3
1945   8     68.80     3
1945   9     79.70     3
1945  10    230.20     3
1945  11    330.30     3
1945  12    192.90     3
1946   1    146.60     3
1946   2     80.20     3
1946   3    135.40     3
1946   4    219.40     3
1946   5    172.00     3
1946   6     38.80     3
1946   7     45.40     3
1946   8     44.30     3
1946   9     50.20     3
1946  10    208.20     3
1946  11    240.90     3
1946  12     85.60     3
1947   1    116.00     3
1947   2    102.00     3
1947   3     85.30     3
1947   4     81.90     3
1947   5    167.10     3
1947   6    135.50     3
1947   7    119.60     3
1947   8     83.30     3
1947   9    177.10     3
1947  10    397.90     3
1947  11    133.30     3
1947  12     57.40     3
1948   1     18.80     3
1948   2     49.00     3
1948   3    127.30     3
1948   4    311.60     3
1948   5    163.20     3
1948   6     63.20     3
1948   7     45.90     3
1948   8     52.90     3
1948   9    164.10     3
1948  10    152.30     3
1948  11    155.30     3
1948  12     94.10     3
1949   1     90.10     4
1949   2     76.10     4
1949   3    152.20     4
1949   4    121.40     4
1949   5    211.60     4
1949   6    166.20     4
1949   7     91.20     4
1949   8     99.80     4
1949   9    141.20     4
1949  10    270.80     4
1949  11    173.90     4
1949  12     85.20     4
1950   1    115.50     4
1950   2    225.20     4
1950   3    208.10     4
1950   4    272.50     4
1950   5    303.30     4
1950   6    239.70     4
1950   7     62.90     4
1950   8    108.10     4
1950   9    151.10     4
1950  10    274.70     4
1950  11    214.00     4
1950  12    180.00     4
1951   1    105.80     7
1951   2    187.90     7
1951   3    130.80     7
1951   4    239.80     7
1951   5    217.20     7
1951   6    109.30     7
1951   7     70.30     7
1951   8     54.50     7
1951   9     78.60     7
1951  10    272.60     7
1951  11    251.90     6
1951  12    131.90     7
1952   1     99.10     8
1952   2     65.20     8
1952   3    133.10     8
1952   4    281.70     8
1952   5    261.00     8
1952   6    110.10     8
1952   7     85.30     8
1952   8     53.80     8
1952   9    106.80     8
1952  10    143.70     8
1952  11    327.10     8
1952  12    147.60     8
1953   1     95.10     8
1953   2     80.50     8
1953   3    158.40     8
1953   4    195.00     8
1953   5    299.00     8
1953   6    155.20     8
1953   7     49.20     8
1953   8     18.80     8
1953   9    232.00     8
1953  10    325.50     8
1953  11    295.20     8
1953  12    138.50     8
1954   1     72.80     8
1954   2    117.00     8
1954   3    131.60     8
1954   4    219.30     8
1954   5    248.50     8
1954   6    175.90     8
1954   7    104.70     8
1954   8     62.00     8
1954   9     80.20     8
1954  10    321.70     8
1954  11    239.00     8
1954  12    179.10     8
1955   1     95.80     8
1955   2    142.10     8
1955   3    208.40     8
1955   4    331.40     8
1955   5    189.60     8
1955   6    195.40     8
1955   7    125.40     8
1955   8     67.90     8
1955   9    161.40     8
1955  10    310.30     8
1955  11    220.40     8
1955  12    222.20     8
1956   1    140.80     8
1956   2    209.80     8
1956   3    190.00     8
1956   4    181.20     8
1956   5    238.00     8
1956   6    154.50     8
1956   7     49.70     8
1956   8     65.40     8
1956   9    157.30     8
1956  10    362.20     8
1956  11    157.90     8
1956  12    207.30     8
1957   1     42.80     8
1957   2     98.30     8
1957   3    200.50     8
1957   4    268.80     8
1957   5    400.00     8
1957   6     60.00     8
1957   7     46.90     8
1957   8     39.80     8
1957   9    116.10     8
1957  10    310.50     8
1957  11    166.50     8
1957  12     85.30     8
1958   1     50.10     8
1958   2     72.80     8
1958   3     88.30     8
1958   4    203.90     8
1958   5    213.10     8
1958   6     60.30     8
1958   7     23.70     8
1958   8     69.70     8
1958   9     50.00     8
1958  10    213.10     8
1958  11    192.40     8
1958  12    154.60     8
1959   1     44.00     8
1959   2     30.10     8
1959   3     68.90     8
1959   4    131.50     8
1959   5    485.70     8
1959   6    180.20     8
1959   7     97.40     8
1959   8     83.50     8
1959   9     88.00     8
1959  10    251.40     8
1959  11    193.80     8
1959  12    125.30     8
1960   1    128.50     8
1960   2    135.10     8
1960   3    115.00     8
1960   4    252.60     8
1960   5    205.50     8
1960   6    116.10     8
1960   7     88.60     8
1960   8    114.70     8
1960   9    107.90     8
1960  10    311.80     8
1960  11    144.40     8
1960  12    193.30     8
1961   1     83.80     8
1961   2     52.80     8
1961   3    190.40     8
1961   4    255.60     8
1961   5     94.50     8
1961   6    129.70     8
1961   7     85.80     8
1961   8     31.70     8
1961   9     88.00     8
1961  10    272.30     8
1961  11    285.00     8
1961  12     85.00     8
1962   1     73.10     8
1962   2     83.10     8
1962   3    201.30     8
1962   4    203.90     8
1962   5    235.60     8
1962   6    175.10     8
1962   7     53.40     8
1962   8    106.50     8
1962   9    119.20     8
1962  10    182.80     8
1962  11    175.40     8
1962  12    118.60     8
1963   1    105.90     8
1963   2    225.70     8
1963   3    155.00     8
1963   4    275.90     8
1963   5    354.20     8
1963   6     97.40     8
1963   7    117.20     8
1963   8     79.20     8
1963   9     87.90     8
1963  10    204.70     8
1963  11    277.20     8
1963  12     88.10     8
1964   1     26.10     8
1964   2    106.90     8
1964   3     77.50     8
1964   4    254.60     8
1964   5    221.60     8
1964   6    168.70     8
1964   7    114.80     8
1964   8     88.50     8
1964   9     96.60     8
1964  10    233.20     8
1964  11    203.10     8
1964  12    114.40     8
1965   1     47.20     8
1965   2     60.70     8
1965   3     87.50     8
1965   4    304.70     8
1965   5    236.90     8
1965   6     50.30     8
1965   7     38.80     8
1965   8     59.80     8
1965   9     92.00     8
1965  10    309.00     8
1965  11    309.10     8
1965  12    118.30     8
1966   1     45.50     8
1966   2     80.20     8
1966   3    148.20     8
1966   4    159.70     8
1966   5    195.60     8
1966   6    198.20     8
1966   7     58.40     8
1966   8    101.40     8
1966   9    159.00     8
1966  10    234.90     8
1966  11    346.30     8
1966  12    193.90     8
1967   1     49.30     8
1967   2     92.40     8
1967   3    156.20     8
1967   4    257.80     8
1967   5    269.10     8
1967   6    141.90     8
1967   7     59.90     8
1967   8     34.00     8
1967   9     78.40     8
1967  10    228.00     8
1967  11    253.00     8
1967  12     85.70     8
1968   1    103.50     8
1968   2    130.70     8
1968   3    109.40     8
1968   4    331.30     8
1968   5    146.10     8
1968   6    206.30     8
1968   7     62.50     8
1968   8     61.00     8
1968   9    166.80     8
1968  10    312.70     8
1968  11    303.90     8
1968  12     75.00     8
1969   1     93.70     8
1969   2     93.20     8
1969   3     66.00     8
1969   4    334.00     8
1969   5    225.90     8
1969   6    128.20     8
1969   7     33.60     8
1969   8     64.40     8
1969   9    149.50     8
1969  10    384.50     8
1969  11    164.20     8
1969  12     93.60     8
1970   1    112.30     8
1970   2    140.90     8
1970   3     87.30     8
1970   4    229.50     8
1970   5    283.40     8
1970   6    129.60     8
1970   7     66.70     8
1970   8     70.60     8
1970   9    154.70     8
1970  10    338.60     8
1970  11    258.80     8
1970  12    105.10     8
1971   1    196.30     8
1971   2    213.30     8
1971   3    266.80     8
1971   4    248.40     8
1971   5    330.70     8
1971   6    137.10     8
1971   7     74.40     8
1971   8    110.30     8
1971   9    166.00     8
1971  10    216.50     8
1971  11    213.60     8
1971  12    133.30     8
1972   1    183.90     8
1972   2    118.00     8
1972   3    194.50     8
1972   4    285.10     8
1972   5    250.60     8
1972   6    152.70     8
1972   7     43.10     8
1972   8     86.80     8
1972   9    114.50     8
1972  10    182.70     8
1972  11    262.90     8
1972  12    106.40     8
1973   1     25.50     8
1973   2     20.20     8
1973   3    102.40     8
1973   4    148.20     8
1973   5    176.10     8
1973   6    113.10     8
1973   7     92.20     8
1973   8    156.60     8
1973   9    222.00     8
1973  10    258.10     8
1973  11    267.80     8
1973  12    273.90     8
1974   1    189.70     8
1974   2    239.00     8
1974   3    256.70     8
1974   4    235.80     8
1974   5    209.70     8
1974   6    101.60     8
1974   7     40.60     8
1974   8     77.10     8
1974   9    182.80     8
1974  10    262.50     8
1974  11    236.10     8
1974  12     59.70     8
1975   1     31.60     8
1975   2    198.50     8
1975   3    214.50     8
1975   4    182.50     8
1975   5    296.80     8
1975   6    115.00     8
1975   7    159.30     8
1975   8     93.20     8
1975   9    121.40     8
1975  10    279.80     8
1975  11    235.90     8
1975  12    217.40     8
1976   1     41.60     8
1976   2    132.60     8
1976   3    215.60     8
1976   4    212.70     8
1976   5    195.90     8
1976   6     97.60     8
1976   7     22.80     8
1976   8     45.50     8
1976   9    117.90     8
1976  10    321.40     8
1976  11    173.90     8
1976  12    118.80     8
1977   1     22.50     8
1977   2     46.90     8
1977   3    177.60     8
1977   4    195.80     8
1977   5    147.20     8
1977   6    109.00     8
1977   7     75.40     8
1977   8     76.80     8
1977   9    191.80     8
1977  10    231.20     8
1977  11    202.80     8
1977  12     78.60     8
1978   1     53.00     8
1978   2     69.30     8
1978   3    203.40     8
1978   4    306.10     8
1978   5    210.90     8
1978   6    123.60     8
1978   7     68.30     8
1978   8     40.30     8
1978   9    163.20     8
1978  10    215.90     8
1978  11    181.00     8
1978  12    154.60     8
1979   1     59.30     8
1979   2     89.30     8
1979   3    167.90     8
1979   4    285.40     8
1979   5    236.80     8
1979   6    161.90     8
1979   7     74.10     8
1979   8    118.60     8
1979   9    125.10     8
1979  10    242.80     8
1979  11    328.30     8
1979  12     66.20     8
1980   1    110.20     8
1980   2    177.80     8
1980   3     78.20     8
1980   4    203.70     8
1980   5    166.50     8
1980   6    168.00     8
1980   7     43.90     8
1980   8     86.10     8
1980   9    153.20     8
1980  10    191.20     8
1980  11    149.70     8
1980  12    177.50     8
1981   1     23.10     8
1981   2    117.00     8
1981   3    115.90     8
1981   4    326.80     8
1981   5    383.00     8
1981   6    155.70     8
1981   7     56.90     8
1981   8    117.20     8
1981   9    107.50     8
1981  10    268.70     8
1981  11    241.20     8
1981  12    142.60     8
1982   1    176.10     8
1982   2    139.70     8
1982   3    165.10     8
1982   4    385.00     8
1982   5    250.10     8
1982   6     58.20     8
1982   7     34.10     8
1982   8     30.30     8
1982   9    111.90     8
1982  10    264.90     8
1982  11    213.50     8
1982  12    140.30     8
1983   1     67.90     8
1983   2     97.80     8
1983   3    246.50     8
1983   4    385.70     8
1983   5    235.70     8
1983   6     69.50     8
1983   7     51.70     8
1983   8     43.40     8
1983   9    104.70     8
1983  10    214.90     8
1983  11    147.40     8
1983  12    210.30     8
1984   1    186.70     8
1984   2    185.60     8
1984   3    125.50     8
1984   4    238.50     8
1984   5    242.30     8
1984   6    210.90     8
1984   7     67.60     8
1984   8    140.20     8
1984   9    231.50     8
1984  10    286.80     8
1984  11    244.80     8
1984  12     89.70     8
1985   1     73.60     8
1985   2     23.60     8
1985   3    134.90     8
1985   4    169.30     8
1985   5    239.60     8
1985   6     75.70     8
1985   7     60.70     8
1985   8    113.30     8
1985   9    173.30     8
1985  10    232.50     8
1985  11    208.10     8
1985  12     95.50     8
1986   1     97.30     8
1986   2    204.50     8
1986   3    182.00     8
1986   4    231.10     8
1986   5    219.70     8
1986   6    132.00     8
1986   7     36.10     8
1986   8     50.80     8
1986   9    130.50     8
1986  10    421.10     8
1986  11    219.30     8
1986  12     51.90     8
1987   1     73.40     8
1987   2     64.50     8
1987   3    156.10     8
1987   4    208.70     8
1987   5    252.80     8
1987   6     58.30     8
1987   7    107.60     8
1987   8     54.10     8
1987   9    161.90     8
1987  10    313.30     8
1987  11    182.40     8
1987  12     90.00     8
1988   1     63.50     8
1988   2    114.40     8
1988   3     83.30     8
1988   4    263.10     8
1988   5    171.70     8
1988   6    121.70     8
1988   7    108.00     8
1988   8    144.10     8
1988   9    199.90     8
1988  10    274.70     8
1988  11    346.30     8
1988  12    207.60     8
1989   1    114.00     8
1989   2    153.60     8
1989   3    276.40     8
1989   4    161.40     8
1989   5    207.00     8
1989   6    115.70     8
1989   7     64.60     8
1989   8     90.30     8
1989   9    163.70     8
1989  10    214.40     8
1989  11    164.20     8
1989  12    132.00     8
1990   1    110.50     8
1990   2    172.50     8
1990   3    177.20     8
1990   4    269.00     8
1990   5    194.30     8
1990   6     72.40     8
1990   7     73.20     8
1990   8     39.80     8
1990   9     98.70     8
1990  10    321.90     8
1990  11    212.20     8
1990  12    212.10     8
1991   1     63.10     8
1991   2     70.30     8
1991   3    283.50     8
1991   4    229.40     8
1991   5    219.60     8
1991   6    101.40     8
1991   7     82.40     8
1991   8     72.80     8
1991   9    140.40     8
1991  10    119.10     8
1991  11    197.60     8
1991  12    136.60     8
1992   1     62.80     8
1992   2     73.00     8
1992   3     80.30     8
1992   4    151.10     8
1992   5    143.40     8
1992   6     57.40     8
1992   7     60.10     8
1992   8     59.00     8
1992   9    149.10     8
1992  10    125.20     8
1992  11    257.00     8
1992  12    151.90     8
1993   1    109.00     8
1993   2    138.50     8
1993   3    214.70     8
1993   4    227.70     8
1993   5    132.00     8
1993   6     36.80     8
1993   7     43.60     8
1993   8     50.10     8
1993   9    216.30     8
1993  10    201.60     8
1993  11    347.80     8
1993  12    132.30     8
1994   1    141.70     8
1994   2    154.30     8
1994   3    251.70     8
1994   4    257.60     8
1994   5    188.30     8
1994   6     76.80     8
1994   7     62.60     8
1994   8     50.10     8
1994   9    139.90     8
1994  10    243.20     8
1994  11    291.40     8
1994  12     78.20     8
1995   1     51.90     8
1995   2     68.90     8
1995   3    200.70     8
1995   4    266.20     8
1995   5    220.80     8
1995   6    155.40     8
1995   7    101.90     8
1995   8     84.10     8
1995   9    144.10     8
1995  10    228.00     8
1995  11    199.00     8
1995  12    172.60     8
1996   1    102.80     8
1996   2    219.60     8
1996   3    232.40     8
1996   4    206.10     8
1996   5    277.80     8
1996   6    150.00     8
1996   7     88.30     8
1996   8     80.80     8
1996   9    113.80     8
1996  10    279.80     8
1996  11    182.80     8
1996  12    128.00     8
1997   1    225.60     8
1997   2     82.20     8
1997   3    158.20     8
1997   4    239.50     8
1997   5    150.80     8
1997   6    191.70     8
1997   7     30.40     8
1997   8     27.10     8
1997   9    128.10     8
1997  10    135.20     8
1997  11    199.50     8
1997  12     36.00     8
1998   1     31.20     8
1998   2    115.80     8
1998   3    205.80     8
1998   4    235.40     8
1998   5    314.50     8
1998   6    106.50     8
1998   7    107.70     8
1998   8     96.10     8
1998   9    194.00     8
1998  10    260.10     8
1998  11    271.20     8
1998  12    214.10     8
1999   1    137.10     8
1999   2    289.70     8
1999   3    153.30     8
1999   4    244.30     8
1999   5    178.80     8
1999   6    163.40     8
1999   7     46.50     8
1999   8     80.10     8
1999   9    279.00     8
1999  10    350.20     8
1999  11    277.00     8
1999  12    181.70     8
2000   1    111.80     8
2000   2    268.80     8
2000   3    217.50     8
2000   4    168.60     8
2000   5    263.40     8
2000   6    128.00     8
2000   7    102.20     8
2000   8     72.10     8
2000   9    210.80     8
2000  10    202.40     8
2000  11    179.50     8
2000  12    110.50     8
2001   1     85.90     6
2001   2     70.80     6
2001   3    219.50     6
2001   4    111.40     6
2001   5    238.80     7
2001   6    126.80     6
2001   7     58.70     7
2001   8     44.70     7
2001   9    140.70     7
2001  10    172.10     6
2001  11    240.00     7
2001  12    214.30     6
2002   1     46.90     6
2002   2     50.60     6
2002   3    236.60     6
2002   4    297.90     6
2002   5    269.90     7
2002   6    149.80     6
2002   7     75.20     7
2002   8     60.90     7
2002   9    140.60     7
2002  10    220.10     6
2002  11    153.00     7
2002  12    166.40     6
2003   1     17.30     6
2003   2     72.60     6
2003   3    177.90     6
2003   4    269.00     6
2003   5    127.10     7
2003   6    148.00     6
2003   7     47.70     7
2003   8     78.60     7
2003   9    153.20     7
2003  10    240.90     6
2003  11    322.10     7
2003  12    124.00     6
2004   1     82.30     6
2004   2    183.50     6
2004   3     94.00     6
2004   4    286.20     6
2004   5    201.00     7
2004   6     90.40     6
2004   7     80.30     6
2004   8     46.70     6
2004   9    136.90     6
2004  10    262.00     0
2004  11    290.50     6
2004  12    156.30     6
2005   1     83.70     6
2005   2    152.60     6
2005   3    163.00     6
2005   4    224.10     6
2005   5    262.10     6
2005   6     97.30     6
2005   7     58.20     6
2005   8    105.40     6
2005   9    133.00     6
2005  10    292.40     6
2005  11    242.60     7
2005  12    193.00     6
2006   1    168.90     6
2006   2    118.00     6
2006   3    340.90     6
2006   4    285.00     6
2006   5    292.40     6
2006   6    188.40     6
2006   7     52.20     6
2006   8     56.30     6
2006   9     95.00     6
2006  10    285.20     6
2006  11    289.70     6
2006  12    157.00     6
2007   1     56.90     6
2007   2     37.00     6
2007   3    215.20     6
2007   4    321.50     6
2007   5    251.90     6
2007   6    113.90     6
2007   7     79.20     6
2007   8    111.20     6
2007   9    102.50     6
2007  10    331.00     6
2007  11    246.70     6
2007  12    183.60     6
2008   1     93.90     6
2008   2    169.00     6
2008   3    179.00     6
2008   4    293.90     6
2008   5    440.50     6
2008   6    177.50     6
2008   7    122.30     4
2008   8    125.80     5
2008   9    144.20     6
2008  10    226.80     6
2008  11    325.50     6
2008  12    176.70     5
2009   1    137.50     6
2009   2    149.80     6
2009   3    281.80     6
2009   4    170.50     6
2009   5    154.00     6
2009   6    129.70     6
2009   7     50.50     6
2009   8    100.20     5
2009   9     89.50     6
2009  10    279.10     5
2009  11    169.00     6
2009  12    118.80     6
2010   1      9.70     5
2010   2     90.50     6
2010   3    143.30     6
2010   4    371.50     6
2010   5    314.00     5
2010   6    182.80     6
2010   7    105.00     5
2010   8     65.90     4
2010   9    150.30     5
2010  10    255.80     6
2010  11    398.20     4
2010  12    270.40     5
2011   1    105.50     5
2011   2    233.20     6
2011   3    224.60     6
2011   4    415.90     4
2011   5    277.50     6
2011   6    160.90     8
2011   7    103.60     6
2011   8     79.30     6
2011   9    169.20     7
2011  10    296.50     6
2011  11    347.90     7
2011  12    251.60     8
2012   1    132.10     2
2012   2    104.80     7
2012   3    202.70     8
2012   4    301.20     7
2012   5    146.40     8
2012   6     77.10     8
2012   7     50.50     8
2012   8     61.30     7
2012   9     62.00     8
2012  10    241.30     8
2012  11    206.70     7
2012  12    131.40     8
2013   1     36.80     8
2013   2    200.20     8
2013   3    138.90     8
2013   4    177.20     8
2013   5    317.50     8
2013   6     83.10     7
2013   7     32.10     8
2013   8     99.00     8
2013   9    107.00     8
2013  10    193.90     8
2013  11    238.90     8
2013  12    154.80     8
2014   1     89.90     8
2014   2    136.30     8
2014   3    175.20     8
2014   4    191.90     8
2014   5    211.00     8
2014   6     97.40     8
2014   7     38.20     8
2014   8     54.80     6
2014   9    107.60     6
2014  10    237.90     6
2014  11    258.40     6
2014  12    175.00     8
2015   1    108.70     8
2015   2     89.80     8
2015   3    214.50     8
2015   4    205.30     8
2015   5    117.40     8
2015   6     51.20     8
2015   7     49.30     8
2015   8     49.20     8
2015   9     80.20     8
2015  10    158.90     8
2015  11    194.30     8
2015  12     48.20     8
2016   1     42.20     8
2016   2     48.10     8
2016   3    177.50     8
2016   4    265.30     8
2016   5    182.40     8
2016   6     62.60     7
2016   7     56.90     7
2016   8     77.00     8
2016   9    165.70     8
2016  10    202.60     8
2016  11    245.30     8
2016  12    222.50     8
2017   1     95.80     8
2017   2    157.80     6
2017   3    249.10     8
2017   4    226.40     8
2017   5    375.30     8
2017   6    156.90     8
2017   7     35.00     8
2017   8    101.50     6
2017   9     82.70     4
2017  10    262.00     0
2017  11    242.40     6
2017  12    134.80     8
2018   1    115.90     8
2018   2     88.20     8
2018   3    135.40     7
2018   4    238.00     7
2018   5    318.30     8
2018   6    112.00     8
2018   7     72.20     8
2018   8     68.90     8
2018   9    161.00     8
2018  10    242.50     8
2018  11    244.70     8
2018  12     41.30     8
2019   1     56.80     8
2019   2    107.30     8
2019   3    241.80     8
2019   4    252.80     8
2019   5    316.50     8
2019   6    107.40     8
2019   7     54.80     8
2019   8     39.00     8
2019   9    146.00     8
2019  10    227.00     8
2019  11    240.80     8
2019  12    124.10     8
