Half-degree cell series of temperature
Centre Latitude:              4.25
Centre Longitude:           -74.75
CRU TS Version:               4.04
Units:                     degrees C

  Yr  Mo     Value   N.Obs
1901   1     26.00     1
1901   2     25.90     1
1901   3     26.10     1
1901   4     25.50     1
1901   5     25.50     1
1901   6     25.40     1
1901   7     26.30     0
1901   8     26.40     0
1901   9     26.20     1
1901  10     25.30     1
1901  11     25.00     1
1901  12     25.30     1
1902   1     26.00     1
1902   2     25.90     1
1902   3     26.10     1
1902   4     25.50     1
1902   5     25.50     1
1902   6     25.40     1
1902   7     26.30     1
1902   8     26.40     0
1902   9     26.20     1
1902  10     25.30     1
1902  11     25.00     1
1902  12     25.30     1
1903   1     26.00     1
1903   2     25.90     1
1903   3     26.10     1
1903   4     25.50     1
1903   5     25.50     1
1903   6     25.40     1
1903   7     26.30     0
1903   8     26.40     0
1903   9     26.20     0
1903  10     25.30     1
1903  11     25.00     1
1903  12     25.30     1
1904   1     26.00     1
1904   2     25.90     0
1904   3     26.10     1
1904   4     25.50     0
1904   5     25.50     1
1904   6     25.40     0
1904   7     26.30     0
1904   8     26.40     0
1904   9     26.20     0
1904  10     25.30     1
1904  11     25.00     1
1904  12     25.30     1
1905   1     26.00     1
1905   2     25.90     1
1905   3     26.00     1
1905   4     25.50     1
1905   5     25.50     1
1905   6     25.40     1
1905   7     26.30     0
1905   8     26.40     0
1905   9     26.20     0
1905  10     25.30     1
1905  11     25.00     1
1905  12     25.30     1
1906   1     26.00     1
1906   2     25.90     1
1906   3     26.10     1
1906   4     25.50     1
1906   5     25.50     1
1906   6     25.40     1
1906   7     26.30     0
1906   8     26.40     0
1906   9     26.20     1
1906  10     25.30     0
1906  11     25.00     1
1906  12     25.20     1
1907   1     26.00     0
1907   2     25.90     0
1907   3     26.10     0
1907   4     25.50     0
1907   5     25.50     1
1907   6     25.40     1
1907   7     26.30     0
1907   8     26.40     0
1907   9     26.20     0
1907  10     25.30     1
1907  11     25.00     1
1907  12     25.30     1
1908   1     26.00     1
1908   2     25.90     1
1908   3     26.10     1
1908   4     25.50     1
1908   5     25.50     1
1908   6     25.40     1
1908   7     26.30     0
1908   8     26.40     0
1908   9     26.20     0
1908  10     25.30     1
1908  11     25.00     1
1908  12     25.30     1
1909   1     26.00     1
1909   2     25.90     0
1909   3     26.10     1
1909   4     25.50     0
1909   5     25.50     1
1909   6     25.40     1
1909   7     26.30     0
1909   8     26.40     0
1909   9     26.20     1
1909  10     25.30     1
1909  11     25.00     1
1909  12     25.30     1
1910   1     26.00     1
1910   2     25.90     0
1910   3     26.00     1
1910   4     25.50     1
1910   5     25.50     1
1910   6     25.40     1
1910   7     26.30     1
1910   8     26.40     1
1910   9     26.20     0
1910  10     25.30     0
1910  11     25.00     1
1910  12     25.30     1
1911   1     26.00     0
1911   2     25.90     1
1911   3     26.10     0
1911   4     25.50     1
1911   5     25.50     1
1911   6     25.40     0
1911   7     26.30     0
1911   8     26.40     0
1911   9     26.20     0
1911  10     25.30     1
1911  11     25.00     1
1911  12     25.30     1
1912   1     26.00     1
1912   2     25.90     1
1912   3     26.10     1
1912   4     25.50     1
1912   5     25.50     1
1912   6     25.40     0
1912   7     26.30     0
1912   8     26.40     0
1912   9     26.20     0
1912  10     25.30     1
1912  11     25.00     1
1912  12     25.30     1
1913   1     26.00     1
1913   2     25.90     0
1913   3     26.10     0
1913   4     25.50     0
1913   5     25.50     0
1913   6     25.40     0
1913   7     26.30     0
1913   8     26.40     0
1913   9     26.20     0
1913  10     25.30     0
1913  11     25.00     1
1913  12     25.30     1
1914   1     26.00     1
1914   2     25.90     1
1914   3     26.10     1
1914   4     25.50     1
1914   5     25.50     1
1914   6     25.40     0
1914   7     26.30     0
1914   8     26.40     0
1914   9     26.20     0
1914  10     25.30     1
1914  11     25.00     1
1914  12     25.30     1
1915   1     26.00     1
1915   2     25.90     1
1915   3     26.10     1
1915   4     25.50     1
1915   5     26.30     2
1915   6     26.10     2
1915   7     27.10     2
1915   8     27.50     1
1915   9     26.70     2
1915  10     26.30     2
1915  11     25.50     2
1915  12     25.80     2
1916   1     26.20     2
1916   2     25.90     1
1916   3     26.00     2
1916   4     26.10     2
1916   5     26.10     2
1916   6     25.80     2
1916   7     26.70     1
1916   8     26.30     1
1916   9     26.60     1
1916  10     25.30     1
1916  11     24.90     1
1916  12     25.00     1
1917   1     25.50     1
1917   2     25.00     1
1917   3     25.90     1
1917   4     25.50     1
1917   5     25.50     1
1917   6     25.00     1
1917   7     26.40     1
1917   8     26.30     1
1917   9     26.20     1
1917  10     25.30     2
1917  11     24.90     1
1917  12     25.30     1
1918   1     25.90     1
1918   2     25.60     2
1918   3     25.10     2
1918   4     25.10     1
1918   5     24.60     1
1918   6     24.70     1
1918   7     26.30     0
1918   8     26.80     1
1918   9     26.30     1
1918  10     25.70     1
1918  11     24.80     2
1918  12     25.30     2
1919   1     26.00     1
1919   2     25.90     1
1919   3     26.10     0
1919   4     25.50     1
1919   5     25.50     1
1919   6     25.40     0
1919   7     26.30     0
1919   8     26.40     0
1919   9     26.20     0
1919  10     25.30     1
1919  11     25.00     1
1919  12     25.30     1
1920   1     26.00     1
1920   2     25.90     1
1920   3     26.10     0
1920   4     25.50     1
1920   5     25.50     1
1920   6     25.40     0
1920   7     26.30     0
1920   8     26.40     0
1920   9     26.20     0
1920  10     25.30     0
1920  11     25.00     1
1920  12     25.20     1
1921   1     26.00     2
1921   2     25.70     1
1921   3     25.20     1
1921   4     24.90     1
1921   5     24.90     1
1921   6     25.00     1
1921   7     26.30     1
1921   8     26.00     1
1921   9     26.10     1
1921  10     24.60     1
1921  11     24.70     1
1921  12     25.00     2
1922   1     25.80     2
1922   2     25.40     2
1922   3     25.40     2
1922   4     25.30     2
1922   5     25.10     1
1922   6     24.60     1
1922   7     25.80     1
1922   8     26.20     1
1922   9     26.00     1
1922  10     24.90     1
1922  11     24.40     1
1922  12     24.80     2
1923   1     25.20     2
1923   2     25.40     2
1923   3     25.80     3
1923   4     25.20     2
1923   5     25.00     2
1923   6     25.40     2
1923   7     25.60     2
1923   8     26.10     2
1923   9     26.40     2
1923  10     24.90     2
1923  11     25.10     2
1923  12     25.10     2
1924   1     26.60     3
1924   2     26.00     2
1924   3     26.90     3
1924   4     25.90     3
1924   5     25.70     3
1924   6     24.80     3
1924   7     25.70     3
1924   8     26.60     2
1924   9     25.40     2
1924  10     24.70     2
1924  11     24.50     3
1924  12     24.90     3
1925   1     25.10     2
1925   2     24.80     2
1925   3     24.90     2
1925   4     25.10     3
1925   5     25.50     3
1925   6     25.00     3
1925   7     25.90     3
1925   8     26.00     2
1925   9     26.00     2
1925  10     25.50     3
1925  11     24.80     3
1925  12     25.50     3
1926   1     26.40     3
1926   2     26.40     3
1926   3     26.70     3
1926   4     26.50     3
1926   5     26.20     3
1926   6     25.90     3
1926   7     26.30     3
1926   8     26.30     3
1926   9     25.90     3
1926  10     25.30     3
1926  11     25.10     3
1926  12     24.90     3
1927   1     25.60     3
1927   2     25.40     3
1927   3     25.90     3
1927   4     25.00     3
1927   5     25.10     3
1927   6     25.00     2
1927   7     25.40     3
1927   8     26.50     2
1927   9     26.00     2
1927  10     25.10     3
1927  11     25.30     3
1927  12     25.30     3
1928   1     25.90     3
1928   2     26.10     3
1928   3     25.80     3
1928   4     25.70     3
1928   5     25.40     3
1928   6     25.20     3
1928   7     26.10     2
1928   8     26.20     2
1928   9     26.10     2
1928  10     25.30     3
1928  11     24.90     3
1928  12     25.00     3
1929   1     26.10     3
1929   2     26.10     2
1929   3     25.90     3
1929   4     25.40     3
1929   5     25.20     3
1929   6     25.10     3
1929   7     25.80     2
1929   8     26.30     3
1929   9     26.30     2
1929  10     25.40     3
1929  11     25.20     3
1929  12     25.40     3
1930   1     25.80     2
1930   2     25.80     1
1930   3     26.50     2
1930   4     25.70     1
1930   5     25.20     1
1930   6     25.20     1
1930   7     26.20     1
1930   8     26.10     1
1930   9     26.20     1
1930  10     25.10     1
1930  11     25.50     2
1930  12     25.80     2
1931   1     26.60     3
1931   2     26.40     3
1931   3     26.80     3
1931   4     26.30     3
1931   5     25.90     3
1931   6     25.70     3
1931   7     26.00     2
1931   8     26.40     2
1931   9     26.20     3
1931  10     25.60     2
1931  11     25.10     1
1931  12     25.30     2
1932   1     26.00     3
1932   2     26.00     3
1932   3     25.80     3
1932   4     26.30     3
1932   5     25.10     3
1932   6     25.20     3
1932   7     25.90     2
1932   8     26.40     3
1932   9     26.00     3
1932  10     24.80     2
1932  11     25.10     2
1932  12     25.20     2
1933   1     26.30     5
1933   2     25.70     5
1933   3     26.20     5
1933   4     25.60     5
1933   5     25.80     5
1933   6     25.40     5
1933   7     26.90     4
1933   8     26.50     5
1933   9     26.70     5
1933  10     25.00     4
1933  11     24.80     4
1933  12     25.10     4
1934   1     25.70     5
1934   2     25.20     5
1934   3     25.30     5
1934   4     25.90     5
1934   5     25.70     5
1934   6     25.90     5
1934   7     26.30     4
1934   8     26.80     5
1934   9     27.20     5
1934  10     25.40     4
1934  11     25.20     4
1934  12     25.70     4
1935   1     26.00     5
1935   2     25.60     5
1935   3     26.20     5
1935   4     25.60     5
1935   5     25.20     5
1935   6     25.50     5
1935   7     26.50     4
1935   8     26.30     4
1935   9     26.30     5
1935  10     25.60     4
1935  11     25.00     4
1935  12     25.60     4
1936   1     26.20     5
1936   2     26.20     5
1936   3     26.60     5
1936   4     26.00     5
1936   5     25.90     5
1936   6     25.40     5
1936   7     26.50     4
1936   8     26.90     5
1936   9     26.80     5
1936  10     25.60     4
1936  11     25.80     4
1936  12     25.40     4
1937   1     25.90     3
1937   2     25.90     3
1937   3     26.60     3
1937   4     26.00     3
1937   5     25.50     3
1937   6     25.40     3
1937   7     26.40     2
1937   8     26.50     3
1937   9     26.30     3
1937  10     25.50     2
1937  11     25.40     2
1937  12     25.90     2
1938   1     26.30     5
1938   2     26.10     5
1938   3     25.60     6
1938   4     25.10     6
1938   5     25.30     6
1938   6     25.40     6
1938   7     26.40     5
1938   8     26.20     5
1938   9     26.40     6
1938  10     25.60     5
1938  11     24.90     5
1938  12     25.30     5
1939   1     25.80     6
1939   2     25.30     5
1939   3     25.60     6
1939   4     25.20     6
1939   5     25.70     6
1939   6     25.40     6
1939   7     26.40     5
1939   8     26.80     6
1939   9     26.60     6
1939  10     25.60     5
1939  11     25.30     4
1939  12     26.10     5
1940   1     25.50     7
1940   2     26.10     7
1940   3     25.90     7
1940   4     26.10     6
1940   5     26.40     6
1940   6     25.80     6
1940   7     27.00     5
1940   8     26.90     6
1940   9     26.60     6
1940  10     25.70     5
1940  11     25.30     5
1940  12     24.90     6
1941   1     26.10     8
1941   2     26.10     7
1941   3     26.80     8
1941   4     26.10     8
1941   5     26.80     8
1941   6     26.00     8
1941   7     26.80     6
1941   8     27.20     8
1941   9     27.20     8
1941  10     26.60     6
1941  11     26.40     7
1941  12     26.90     7
1942   1     26.10     8
1942   2     25.80     6
1942   3     26.20     8
1942   4     25.40     8
1942   5     25.40     7
1942   6     25.40     7
1942   7     26.20     5
1942   8     26.60     7
1942   9     26.70     7
1942  10     25.30     6
1942  11     24.70     7
1942  12     25.40     6
1943   1     26.00     8
1943   2     25.50     8
1943   3     25.10     8
1943   4     25.20     8
1943   5     25.10     8
1943   6     25.00     8
1943   7     26.10     7
1943   8     26.40     8
1943   9     27.00     8
1943  10     25.60     7
1943  11     25.50     7
1943  12     25.20     8
1944   1     25.70     8
1944   2     25.10     8
1944   3     25.70     8
1944   4     25.40     8
1944   5     25.20     8
1944   6     24.90     8
1944   7     26.60     7
1944   8     26.60     8
1944   9     26.20     8
1944  10     25.80     7
1944  11     24.80     8
1944  12     25.20     8
1945   1     25.80     8
1945   2     25.50     8
1945   3     26.10     8
1945   4     24.60     8
1945   5     24.50     8
1945   6     25.40     8
1945   7     26.30     7
1945   8     26.60     8
1945   9     26.70     8
1945  10     25.40     7
1945  11     25.10     7
1945  12     25.70     7
1946   1     26.00     8
1946   2     25.30     8
1946   3     25.80     8
1946   4     24.90     8
1946   5     25.30     8
1946   6     25.70     8
1946   7     26.40     7
1946   8     26.50     7
1946   9     26.70     8
1946  10     25.70     7
1946  11     25.10     7
1946  12     25.30     8
1947   1     26.30     8
1947   2     26.40     8
1947   3     26.70     8
1947   4     25.80     8
1947   5     25.70     8
1947   6     25.60     8
1947   7     26.10     7
1947   8     26.50     8
1947   9     26.50     8
1947  10     25.40     7
1947  11     25.60     7
1947  12     26.00     7
1948   1     26.40     5
1948   2     26.10     5
1948   3     26.40     5
1948   4     25.30     5
1948   5     25.70     5
1948   6     25.30     5
1948   7     26.10     4
1948   8     26.70     5
1948   9     27.00     5
1948  10     25.50     4
1948  11     25.70     4
1948  12     26.00     4
1949   1     26.10     5
1949   2     25.90     4
1949   3     26.20     4
1949   4     25.60     5
1949   5     25.60     6
1949   6     24.90     6
1949   7     25.60     4
1949   8     26.00     6
1949   9     26.10     6
1949  10     25.50     5
1949  11     25.20     5
1949  12     25.30     5
1950   1     25.30     7
1950   2     25.00     7
1950   3     25.10     7
1950   4     25.00     7
1950   5     24.90     6
1950   6     24.50     7
1950   7     25.50     5
1950   8     25.80     8
1950   9     26.60     8
1950  10     25.10     6
1950  11     25.00     7
1950  12     25.40     7
1951   1     25.20     8
1951   2     24.90     8
1951   3     25.60     8
1951   4     25.90     8
1951   5     25.90     8
1951   6     25.70     8
1951   7     26.00     8
1951   8     27.20     8
1951   9     26.90     8
1951  10     26.00     8
1951  11     25.40     8
1951  12     25.70     8
1952   1     26.20     8
1952   2     26.20     8
1952   3     26.50     8
1952   4     25.80     8
1952   5     25.90     8
1952   6     25.60     8
1952   7     26.30     8
1952   8     26.70     8
1952   9     26.70     8
1952  10     25.70     8
1952  11     25.00     8
1952  12     25.40     8
1953   1     26.00     8
1953   2     25.90     8
1953   3     25.70     8
1953   4     26.20     8
1953   5     25.50     8
1953   6     25.90     8
1953   7     26.50     8
1953   8     27.00     8
1953   9     26.40     8
1953  10     25.40     8
1953  11     25.40     8
1953  12     25.70     8
1954   1     25.80     8
1954   2     25.60     8
1954   3     26.30     8
1954   4     24.90     8
1954   5     25.20     8
1954   6     24.60     8
1954   7     25.30     8
1954   8     25.40     8
1954   9     26.10     8
1954  10     24.50     8
1954  11     24.60     8
1954  12     24.90     8
1955   1     25.70     8
1955   2     25.80     8
1955   3     25.40     8
1955   4     24.80     8
1955   5     25.60     8
1955   6     24.90     8
1955   7     25.80     8
1955   8     26.30     8
1955   9     26.00     8
1955  10     24.70     8
1955  11     24.90     8
1955  12     25.00     8
1956   1     24.90     8
1956   2     25.30     8
1956   3     26.00     8
1956   4     25.80     8
1956   5     25.30     8
1956   6     25.10     8
1956   7     26.10     8
1956   8     26.40     8
1956   9     26.10     8
1956  10     25.10     8
1956  11     25.00     8
1956  12     25.10     8
1957   1     25.80     8
1957   2     26.10     8
1957   3     26.10     8
1957   4     25.70     8
1957   5     25.70     8
1957   6     25.80     8
1957   7     26.80     8
1957   8     27.20     8
1957   9     27.00     8
1957  10     25.70     8
1957  11     25.90     8
1957  12     26.20     8
1958   1     27.20     8
1958   2     27.20     8
1958   3     27.90     8
1958   4     26.80     8
1958   5     26.30     8
1958   6     26.20     8
1958   7     26.80     8
1958   8     26.90     8
1958   9     27.20     8
1958  10     26.10     8
1958  11     25.60     8
1958  12     25.90     8
1959   1     26.80     8
1959   2     26.50     8
1959   3     27.00     8
1959   4     26.30     8
1959   5     25.70     8
1959   6     25.40     8
1959   7     26.50     8
1959   8     26.40     8
1959   9     26.80     8
1959  10     25.60     8
1959  11     25.20     8
1959  12     26.10     8
1960   1     26.30     8
1960   2     26.50     8
1960   3     26.30     8
1960   4     25.80     8
1960   5     25.90     8
1960   6     25.70     8
1960   7     26.40     8
1960   8     26.50     8
1960   9     26.60     8
1960  10     25.80     8
1960  11     25.50     8
1960  12     25.40     8
1961   1     26.30     8
1961   2     26.10     8
1961   3     26.50     8
1961   4     25.90     8
1961   5     26.40     8
1961   6     25.50     8
1961   7     26.20     8
1961   8     26.80     8
1961   9     26.40     8
1961  10     25.70     8
1961  11     24.70     8
1961  12     25.70     8
1962   1     26.00     8
1962   2     26.10     8
1962   3     25.70     8
1962   4     25.50     8
1962   5     25.20     8
1962   6     24.80     8
1962   7     26.60     8
1962   8     26.40     8
1962   9     26.70     8
1962  10     25.70     8
1962  11     25.20     8
1962  12     25.90     8
1963   1     26.20     8
1963   2     25.60     8
1963   3     26.30     8
1963   4     25.50     8
1963   5     25.40     8
1963   6     26.00     8
1963   7     26.50     8
1963   8     26.90     8
1963   9     27.00     8
1963  10     26.20     8
1963  11     25.10     8
1963  12     26.40     8
1964   1     26.90     8
1964   2     26.90     8
1964   3     26.90     8
1964   4     25.50     8
1964   5     25.90     8
1964   6     24.60     8
1964   7     25.80     8
1964   8     26.00     8
1964   9     26.00     8
1964  10     25.00     8
1964  11     24.70     8
1964  12     24.60     8
1965   1     25.20     8
1965   2     25.80     8
1965   3     26.30     8
1965   4     25.00     8
1965   5     25.20     8
1965   6     25.70     8
1965   7     26.60     8
1965   8     26.50     8
1965   9     26.50     8
1965  10     25.60     8
1965  11     25.00     8
1965  12     25.70     8
1966   1     27.10     8
1966   2     26.60     8
1966   3     26.30     8
1966   4     25.90     8
1966   5     25.70     8
1966   6     25.30     8
1966   7     26.40     8
1966   8     26.40     8
1966   9     26.40     8
1966  10     25.20     8
1966  11     24.70     8
1966  12     25.00     8
1967   1     25.70     8
1967   2     25.50     8
1967   3     25.50     8
1967   4     25.00     8
1967   5     25.30     8
1967   6     24.90     8
1967   7     25.80     8
1967   8     26.30     8
1967   9     25.90     8
1967  10     25.50     8
1967  11     25.00     8
1967  12     25.40     8
1968   1     25.60     8
1968   2     25.60     8
1968   3     25.60     8
1968   4     25.00     8
1968   5     25.00     8
1968   6     24.70     8
1968   7     26.20     8
1968   8     26.40     8
1968   9     26.10     8
1968  10     25.10     8
1968  11     25.20     8
1968  12     25.30     8
1969   1     25.90     8
1969   2     26.20     8
1969   3     27.00     8
1969   4     25.80     8
1969   5     26.30     8
1969   6     26.00     8
1969   7     26.90     8
1969   8     26.50     8
1969   9     26.40     8
1969  10     25.00     8
1969  11     25.10     8
1969  12     25.60     8
1970   1     26.20     8
1970   2     26.10     8
1970   3     26.30     8
1970   4     25.80     8
1970   5     25.40     8
1970   6     25.60     8
1970   7     26.10     8
1970   8     26.20     8
1970   9     25.80     8
1970  10     25.20     8
1970  11     24.50     8
1970  12     25.40     8
1971   1     25.40     8
1971   2     24.90     8
1971   3     25.10     8
1971   4     25.00     8
1971   5     24.80     8
1971   6     25.00     8
1971   7     26.00     8
1971   8     25.60     8
1971   9     25.40     8
1971  10     24.80     8
1971  11     24.50     8
1971  12     24.80     8
1972   1     25.60     8
1972   2     25.60     8
1972   3     25.80     8
1972   4     25.30     8
1972   5     25.60     8
1972   6     25.80     8
1972   7     27.00     8
1972   8     26.40     8
1972   9     26.80     8
1972  10     25.70     8
1972  11     25.40     8
1972  12     25.80     8
1973   1     27.30     8
1973   2     26.70     8
1973   3     27.00     8
1973   4     25.90     8
1973   5     25.60     8
1973   6     25.10     8
1973   7     26.20     8
1973   8     25.90     8
1973   9     25.30     8
1973  10     25.10     8
1973  11     24.50     8
1973  12     24.30     8
1974   1     25.00     8
1974   2     25.20     8
1974   3     24.90     8
1974   4     24.80     8
1974   5     24.80     8
1974   6     25.20     8
1974   7     26.00     8
1974   8     26.30     8
1974   9     25.30     8
1974  10     24.90     8
1974  11     24.70     8
1974  12     24.90     8
1975   1     25.50     8
1975   2     25.10     8
1975   3     25.70     8
1975   4     25.10     8
1975   5     24.90     8
1975   6     25.20     8
1975   7     25.20     8
1975   8     26.30     8
1975   9     25.50     8
1975  10     24.50     8
1975  11     24.20     8
1975  12     24.00     8
1976   1     25.30     8
1976   2     24.70     8
1976   3     25.10     8
1976   4     25.00     8
1976   5     25.20     8
1976   6     25.00     8
1976   7     26.20     8
1976   8     26.50     8
1976   9     26.70     8
1976  10     25.10     8
1976  11     25.00     8
1976  12     25.20     8
1977   1     26.30     8
1977   2     26.50     8
1977   3     26.80     8
1977   4     25.70     8
1977   5     25.40     8
1977   6     25.30     8
1977   7     26.40     8
1977   8     26.40     8
1977   9     26.40     8
1977  10     25.60     8
1977  11     25.30     8
1977  12     26.00     8
1978   1     26.10     8
1978   2     26.60     8
1978   3     26.10     8
1978   4     25.20     8
1978   5     25.60     8
1978   6     25.10     8
1978   7     26.10     8
1978   8     26.40     8
1978   9     26.20     8
1978  10     25.60     8
1978  11     25.40     8
1978  12     25.40     8
1979   1     25.90     8
1979   2     26.30     8
1979   3     26.10     8
1979   4     25.80     8
1979   5     25.40     8
1979   6     25.30     8
1979   7     26.50     8
1979   8     26.50     8
1979   9     26.00     8
1979  10     25.60     8
1979  11     25.20     8
1979  12     25.40     8
1980   1     26.20     8
1980   2     26.10     8
1980   3     26.90     8
1980   4     26.20     8
1980   5     26.30     8
1980   6     26.00     8
1980   7     26.60     8
1980   8     26.40     8
1980   9     26.70     8
1980  10     25.60     8
1980  11     25.00     8
1980  12     25.40     8
1981   1     26.20     8
1981   2     26.20     8
1981   3     26.40     8
1981   4     25.30     8
1981   5     25.10     8
1981   6     25.00     8
1981   7     26.10     8
1981   8     26.10     8
1981   9     26.00     8
1981  10     25.20     8
1981  11     25.30     8
1981  12     25.60     8
1982   1     25.80     8
1982   2     25.70     8
1982   3     25.70     8
1982   4     25.10     8
1982   5     25.20     8
1982   6     25.80     8
1982   7     26.40     8
1982   8     27.00     8
1982   9     26.60     8
1982  10     25.20     8
1982  11     25.30     8
1982  12     25.60     8
1983   1     27.30     8
1983   2     27.40     8
1983   3     27.40     8
1983   4     26.10     8
1983   5     26.30     8
1983   6     26.20     8
1983   7     27.00     8
1983   8     27.00     8
1983   9     26.80     8
1983  10     25.50     8
1983  11     25.60     8
1983  12     25.10     8
1984   1     25.20     8
1984   2     25.60     8
1984   3     26.10     8
1984   4     25.60     8
1984   5     25.30     8
1984   6     25.30     8
1984   7     25.80     8
1984   8     25.90     8
1984   9     25.50     8
1984  10     25.30     8
1984  11     24.90     8
1984  12     25.00     8
1985   1     25.40     8
1985   2     25.90     8
1985   3     26.10     8
1985   4     25.50     8
1985   5     25.40     8
1985   6     25.50     8
1985   7     26.20     8
1985   8     26.00     8
1985   9     26.00     8
1985  10     25.30     8
1985  11     24.60     8
1985  12     25.00     8
1986   1     25.90     8
1986   2     25.10     8
1986   3     25.60     8
1986   4     25.40     8
1986   5     25.50     8
1986   6     25.40     8
1986   7     26.50     8
1986   8     26.70     8
1986   9     26.50     8
1986  10     25.10     8
1986  11     25.00     8
1986  12     25.80     8
1987   1     26.30     8
1987   2     26.70     8
1987   3     26.50     8
1987   4     26.30     8
1987   5     25.70     8
1987   6     26.10     8
1987   7     26.80     8
1987   8     26.80     8
1987   9     26.60     8
1987  10     25.90     8
1987  11     25.70     8
1987  12     26.00     8
1988   1     26.50     8
1988   2     26.30     8
1988   3     26.70     8
1988   4     25.70     8
1988   5     26.00     8
1988   6     25.10     8
1988   7     26.10     8
1988   8     25.50     8
1988   9     25.80     8
1988  10     25.30     8
1988  11     24.60     8
1988  12     24.70     8
1989   1     25.60     8
1989   2     25.10     8
1989   3     25.20     8
1989   4     25.70     8
1989   5     25.20     8
1989   6     25.20     8
1989   7     26.30     8
1989   8     26.40     8
1989   9     25.90     8
1989  10     25.10     8
1989  11     25.20     8
1989  12     25.10     8
1990   1     25.80     8
1990   2     25.40     8
1990   3     26.10     8
1990   4     25.50     8
1990   5     25.70     8
1990   6     26.00     8
1990   7     26.50     8
1990   8     26.90     8
1990   9     26.80     8
1990  10     25.50     8
1990  11     25.50     8
1990  12     25.30     8
1991   1     26.10     8
1991   2     26.50     8
1991   3     26.30     8
1991   4     25.70     8
1991   5     25.90     8
1991   6     26.10     8
1991   7     26.40     8
1991   8     26.30     8
1991   9     26.60     8
1991  10     25.60     8
1991  11     25.30     8
1991  12     25.80     8
1992   1     26.70     8
1992   2     26.70     8
1992   3     27.20     8
1992   4     26.50     8
1992   5     25.90     8
1992   6     26.30     8
1992   7     26.50     8
1992   8     26.70     8
1992   9     26.20     8
1992  10     25.60     8
1992  11     25.30     8
1992  12     25.60     8
1993   1     26.30     8
1993   2     26.10     8
1993   3     26.20     8
1993   4     25.80     8
1993   5     25.60     8
1993   6     26.10     8
1993   7     26.80     8
1993   8     26.90     8
1993   9     26.40     8
1993  10     26.00     8
1993  11     25.40     8
1993  12     25.90     8
1994   1     26.10     8
1994   2     26.20     8
1994   3     26.10     8
1994   4     25.70     8
1994   5     25.60     8
1994   6     25.80     8
1994   7     26.40     8
1994   8     26.60     8
1994   9     26.80     8
1994  10     25.40     8
1994  11     25.30     8
1994  12     25.60     8
1995   1     26.50     8
1995   2     26.50     8
1995   3     26.50     8
1995   4     26.20     8
1995   5     25.90     8
1995   6     25.90     8
1995   7     26.60     8
1995   8     26.20     8
1995   9     27.00     8
1995  10     25.60     8
1995  11     25.40     8
1995  12     25.70     8
1996   1     25.90     8
1996   2     26.00     8
1996   3     26.10     8
1996   4     25.50     8
1996   5     25.40     8
1996   6     25.30     8
1996   7     26.30     8
1996   8     26.40     8
1996   9     26.50     8
1996  10     25.30     8
1996  11     25.10     8
1996  12     25.50     8
1997   1     25.90     8
1997   2     26.10     8
1997   3     25.90     8
1997   4     25.80     8
1997   5     26.00     8
1997   6     25.80     8
1997   7     26.90     8
1997   8     27.10     8
1997   9     26.90     8
1997  10     26.30     8
1997  11     25.60     8
1997  12     26.50     8
1998   1     27.60     8
1998   2     27.30     8
1998   3     27.40     8
1998   4     26.60     8
1998   5     26.30     8
1998   6     25.90     8
1998   7     26.80     8
1998   8     26.70     8
1998   9     26.50     8
1998  10     25.90     8
1998  11     25.30     8
1998  12     25.50     8
1999   1     26.00     8
1999   2     25.30     8
1999   3     25.80     8
1999   4     25.50     8
1999   5     25.40     8
1999   6     25.30     8
1999   7     26.20     8
1999   8     26.20     8
1999   9     25.70     8
1999  10     25.00     8
1999  11     25.00     8
1999  12     25.20     8
2000   1     25.30     8
2000   2     25.20     8
2000   3     25.40     8
2000   4     25.20     8
2000   5     25.20     8
2000   6     25.30     8
2000   7     25.90     8
2000   8     26.40     8
2000   9     25.70     8
2000  10     25.60     8
2000  11     25.00     8
2000  12     25.40     8
2001   1     25.70     8
2001   2     25.60     8
2001   3     26.00     8
2001   4     25.80     8
2001   5     25.80     8
2001   6     25.40     8
2001   7     26.50     8
2001   8     27.20     8
2001   9     26.40     8
2001  10     26.10     8
2001  11     25.50     8
2001  12     26.10     8
2002   1     26.50     8
2002   2     26.40     8
2002   3     26.10     8
2002   4     25.40     8
2002   5     25.90     8
2002   6     25.30     8
2002   7     26.80     8
2002   8     26.90     8
2002   9     26.70     8
2002  10     25.90     8
2002  11     25.50     8
2002  12     26.30     8
2003   1     26.90     8
2003   2     26.90     8
2003   3     26.70     8
2003   4     26.10     8
2003   5     26.30     8
2003   6     25.20     8
2003   7     26.40     8
2003   8     26.60     8
2003   9     26.50     8
2003  10     25.60     8
2003  11     25.20     8
2003  12     25.70     8
2004   1     26.00     8
2004   2     26.30     8
2004   3     26.80     8
2004   4     25.80     8
2004   5     25.50     8
2004   6     25.90     8
2004   7     26.20     8
2004   8     26.70     8
2004   9     26.00     8
2004  10     25.90     8
2004  11     25.20     8
2004  12     25.50     8
2005   1     26.10     8
2005   2     26.10     8
2005   3     26.80     8
2005   4     26.40     8
2005   5     25.80     8
2005   6     26.00     8
2005   7     27.00     8
2005   8     26.90     8
2005   9     26.80     8
2005  10     25.30     8
2005  11     25.00     8
2005  12     25.10     8
2006   1     25.90     8
2006   2     26.10     8
2006   3     25.60     8
2006   4     25.40     8
2006   5     25.50     8
2006   6     25.50     8
2006   7     26.70     8
2006   8     26.90     8
2006   9     26.80     8
2006  10     25.90     8
2006  11     25.10     8
2006  12     25.80     8
2007   1     26.50     8
2007   2     26.20     8
2007   3     26.20     8
2007   4     25.60     8
2007   5     25.80     8
2007   6     25.60     8
2007   7     26.60     8
2007   8     26.10     8
2007   9     26.30     8
2007  10     25.10     8
2007  11     25.00     8
2007  12     25.20     8
2008   1     25.80     8
2008   2     25.60     8
2008   3     25.70     8
2008   4     25.50     8
2008   5     25.10     8
2008   6     25.40     8
2008   7     26.10     8
2008   8     26.10     8
2008   9     26.30     8
2008  10     25.10     8
2008  11     24.90     8
2008  12     25.00     8
2009   1     25.80     8
2009   2     25.50     8
2009   3     24.90     8
2009   4     25.60     8
2009   5     25.60     8
2009   6     25.70     8
2009   7     26.70     8
2009   8     27.20     8
2009   9     27.40     8
2009  10     26.30     8
2009  11     26.20     8
2009  12     26.40     8
2010   1     27.20     8
2010   2     27.00     8
2010   3     27.80     8
2010   4     26.40     8
2010   5     26.30     8
2010   6     25.80     8
2010   7     26.20     8
2010   8     26.60     8
2010   9     26.10     8
2010  10     25.70     8
2010  11     24.80     8
2010  12     25.20     8
2011   1     26.10     8
2011   2     25.90     8
2011   3     25.40     8
2011   4     25.20     8
2011   5     25.80     8
2011   6     25.90     8
2011   7     26.60     8
2011   8     27.10     8
2011   9     26.90     8
2011  10     25.30     8
2011  11     25.30     8
2011  12     25.60     8
2012   1     26.10     8
2012   2     25.80     8
2012   3     26.10     8
2012   4     25.40     8
2012   5     25.90     8
2012   6     26.30     8
2012   7     27.10     8
2012   8     27.00     8
2012   9     27.10     8
2012  10     26.00     8
2012  11     25.50     8
2012  12     26.30     8
2013   1     27.00     8
2013   2     26.40     8
2013   3     26.90     8
2013   4     26.50     8
2013   5     25.80     8
2013   6     26.30     8
2013   7     27.00     8
2013   8     26.70     8
2013   9     27.00     8
2013  10     26.10     8
2013  11     25.60     8
2013  12     25.80     8
2014   1     26.70     8
2014   2     26.50     8
2014   3     26.70     8
2014   4     26.50     8
2014   5     26.00     8
2014   6     26.40     8
2014   7     27.70     8
2014   8     27.20     8
2014   9     27.10     8
2014  10     26.00     8
2014  11     25.80     8
2014  12     26.20     8
2015   1     26.90     8
2015   2     26.80     8
2015   3     26.60     8
2015   4     26.30     8
2015   5     26.50     8
2015   6     26.60     8
2015   7     27.60     8
2015   8     27.90     8
2015   9     27.80     8
2015  10     26.60     8
2015  11     26.10     8
2015  12     27.20     8
2016   1     27.80     8
2016   2     27.70     8
2016   3     26.80     6
2016   4     26.80     8
2016   5     26.60     8
2016   6     26.30     8
2016   7     27.20     8
2016   8     27.70     8
2016   9     27.10     8
2016  10     26.40     8
2016  11     25.70     8
2016  12     25.90     8
2017   1     26.10     6
2017   2     26.20     8
2017   3     25.90     7
2017   4     26.20     8
2017   5     26.00     8
2017   6     25.80     8
2017   7     27.10     7
2017   8     26.50     2
2017   9     27.50     3
2017  10     26.20     7
2017  11     25.60     8
2017  12     25.80     6
2018   1     26.10     6
2018   2     26.20     7
2018   3     26.60     7
2018   4     25.50     7
2018   5     25.60     6
2018   6     26.00     5
2018   7     27.00     5
2018   8     27.00     7
2018   9     26.90     6
2018  10     26.00     5
2018  11     25.80     4
2018  12     26.00     5
2019   1     26.90     7
2019   2     26.90     8
2019   3     26.80     8
2019   4     26.40     7
2019   5     26.10     8
2019   6     26.40     8
2019   7     27.30     6
2019   8     27.60     7
2019   9     27.40     7
2019  10     25.80     6
2019  11     26.00     6
2019  12     26.50     5
