Yr Mo Value(°C) N.Obs	
1901   1     10.80     0
1901   2     10.40     0
1901   3     10.10     0
1901   4      9.60     0
1901   5      9.50     0
1901   6     10.20     0
1901   7     11.40     0
1901   8     11.60     0
1901   9     11.20     0
1901  10      9.80     0
1901  11      9.50     0
1901  12      9.90     0
1902   1     10.80     0
1902   2     10.40     0
1902   3     10.10     0
1902   4      9.60     0
1902   5      9.50     0
1902   6     10.20     0
1902   7     11.40     0
1902   8     11.60     0
1902   9     11.20     0
1902  10      9.80     0
1902  11      9.50     0
1902  12      9.90     0
1903   1     10.80     0
1903   2     10.40     0
1903   3     10.10     0
1903   4      9.60     0
1903   5      9.50     0
1903   6     10.20     0
1903   7     11.40     0
1903   8     11.60     0
1903   9     11.20     0
1903  10      9.80     0
1903  11      9.50     0
1903  12      9.90     0
1904   1     10.80     0
1904   2     10.40     0
1904   3     10.10     0
1904   4      9.60     0
1904   5      9.50     0
1904   6     10.20     0
1904   7     11.40     0
1904   8     11.60     0
1904   9     11.20     0
1904  10      9.80     0
1904  11      9.50     0
1904  12      9.90     0
1905   1     10.80     0
1905   2     10.40     0
1905   3     10.10     0
1905   4      9.60     0
1905   5      9.50     0
1905   6     10.20     0
1905   7     11.40     0
1905   8     11.60     0
1905   9     11.20     0
1905  10      9.80     0
1905  11      9.50     0
1905  12      9.90     0
1906   1     10.80     0
1906   2     10.40     0
1906   3     10.10     0
1906   4      9.60     0
1906   5      9.50     0
1906   6     10.20     0
1906   7     11.40     0
1906   8     11.60     0
1906   9     11.20     0
1906  10      9.80     0
1906  11      9.50     0
1906  12      9.90     0
1907   1     10.80     0
1907   2     10.40     0
1907   3     10.10     0
1907   4      9.60     0
1907   5      9.50     0
1907   6     10.20     0
1907   7     11.40     0
1907   8     11.60     0
1907   9     11.20     0
1907  10      9.80     0
1907  11      9.50     0
1907  12      9.90     0
1908   1     10.80     0
1908   2     10.40     0
1908   3     10.10     0
1908   4      9.60     0
1908   5      9.50     0
1908   6     10.20     0
1908   7     11.40     0
1908   8     11.60     0
1908   9     11.20     0
1908  10      9.80     0
1908  11      9.50     0
1908  12      9.90     0
1909   1     10.80     0
1909   2     10.40     0
1909   3     10.10     0
1909   4      9.60     0
1909   5      9.50     0
1909   6     10.20     0
1909   7     11.40     0
1909   8     11.60     0
1909   9     11.20     0
1909  10      9.80     0
1909  11      9.50     0
1909  12      9.90     0
1910   1     10.80     0
1910   2     10.40     0
1910   3     10.10     0
1910   4      9.60     0
1910   5      9.50     0
1910   6     10.20     0
1910   7     11.40     0
1910   8     11.60     0
1910   9     11.20     0
1910  10      9.80     0
1910  11      9.50     0
1910  12      9.90     0
1911   1     10.80     0
1911   2     10.40     0
1911   3     10.10     0
1911   4      9.60     0
1911   5      9.50     0
1911   6     10.20     0
1911   7     11.40     0
1911   8     11.60     0
1911   9     11.20     0
1911  10      9.80     0
1911  11      9.50     0
1911  12      9.90     0
1912   1     10.80     0
1912   2     10.40     0
1912   3     10.10     0
1912   4      9.60     0
1912   5      9.50     0
1912   6     10.20     0
1912   7     11.40     0
1912   8     11.60     0
1912   9     11.20     0
1912  10      9.80     0
1912  11      9.50     0
1912  12      9.90     0
1913   1     10.80     0
1913   2     10.40     0
1913   3     10.10     0
1913   4      9.60     0
1913   5      9.50     0
1913   6     10.20     0
1913   7     11.40     0
1913   8     11.60     0
1913   9     11.20     0
1913  10      9.80     0
1913  11      9.50     0
1913  12      9.90     0
1914   1     10.80     0
1914   2     10.40     0
1914   3     10.10     0
1914   4      9.60     0
1914   5      9.50     0
1914   6     10.20     0
1914   7     11.40     0
1914   8     11.60     0
1914   9     11.20     0
1914  10      9.80     0
1914  11      9.50     0
1914  12      9.90     0
1915   1     10.80     0
1915   2     10.40     0
1915   3     10.10     0
1915   4      9.60     0
1915   5      9.50     0
1915   6     10.20     0
1915   7     11.40     0
1915   8     11.60     0
1915   9     11.20     0
1915  10      9.80     0
1915  11      9.50     0
1915  12      9.90     0
1916   1     10.80     0
1916   2     10.40     0
1916   3     10.10     0
1916   4      9.60     0
1916   5      9.50     0
1916   6     10.20     0
1916   7     11.40     0
1916   8     11.60     0
1916   9     11.20     0
1916  10      9.80     0
1916  11      9.50     0
1916  12      9.90     0
1917   1     10.80     0
1917   2     10.40     0
1917   3     10.10     0
1917   4      9.60     0
1917   5      9.50     0
1917   6     10.20     0
1917   7     11.40     0
1917   8     11.60     0
1917   9     11.20     0
1917  10      9.80     0
1917  11      9.50     0
1917  12      9.90     0
1918   1     10.80     0
1918   2     10.40     0
1918   3     10.10     0
1918   4      9.60     0
1918   5      9.50     0
1918   6     10.20     0
1918   7     11.40     0
1918   8     11.60     0
1918   9     11.20     0
1918  10      9.80     0
1918  11      9.50     0
1918  12      9.90     0
1919   1     10.80     0
1919   2     10.40     0
1919   3     10.10     0
1919   4      9.60     0
1919   5      9.50     0
1919   6     10.20     0
1919   7     11.40     0
1919   8     11.60     0
1919   9     11.20     0
1919  10      9.80     0
1919  11      9.50     0
1919  12      9.90     0
1920   1     10.80     0
1920   2     10.40     0
1920   3     10.10     0
1920   4      9.60     0
1920   5      9.50     0
1920   6     10.20     0
1920   7     11.40     0
1920   8     11.60     0
1920   9     11.20     0
1920  10      9.80     0
1920  11      9.50     0
1920  12      9.90     0
1921   1     10.80     0
1921   2     10.40     0
1921   3     10.10     0
1921   4      9.60     0
1921   5      9.50     0
1921   6     10.20     0
1921   7     11.40     0
1921   8     11.60     0
1921   9     11.20     0
1921  10      9.80     0
1921  11      9.50     0
1921  12      9.90     0
1922   1     10.80     0
1922   2     10.40     0
1922   3     10.10     0
1922   4      9.60     0
1922   5      9.50     0
1922   6     10.20     0
1922   7     11.40     0
1922   8     11.60     0
1922   9     11.20     0
1922  10      9.80     0
1922  11      9.50     0
1922  12      9.90     0
1923   1     10.80     0
1923   2     10.40     0
1923   3     10.10     0
1923   4      9.60     0
1923   5      9.50     0
1923   6     10.20     0
1923   7     11.40     0
1923   8     11.60     0
1923   9     11.20     0
1923  10      9.80     0
1923  11      9.50     0
1923  12      9.90     0
1924   1     10.80     0
1924   2     10.40     0
1924   3     10.10     0
1924   4      9.60     0
1924   5      9.50     0
1924   6     10.20     0
1924   7     11.40     0
1924   8     11.60     0
1924   9     11.20     0
1924  10      9.80     0
1924  11      9.50     0
1924  12      9.90     0
1925   1     10.80     0
1925   2     10.40     0
1925   3     10.10     0
1925   4      9.60     0
1925   5      9.50     0
1925   6     10.20     0
1925   7     11.40     0
1925   8     11.60     0
1925   9     11.20     0
1925  10      9.80     0
1925  11      9.50     0
1925  12      9.90     0
1926   1     10.80     0
1926   2     10.40     0
1926   3     10.10     0
1926   4      9.60     0
1926   5      9.50     0
1926   6     10.20     0
1926   7     11.40     0
1926   8     11.60     0
1926   9     11.20     0
1926  10      9.80     0
1926  11      9.50     0
1926  12      9.90     0
1927   1     10.80     0
1927   2     10.40     0
1927   3     10.10     0
1927   4      9.60     0
1927   5      9.50     0
1927   6     10.20     0
1927   7     11.40     0
1927   8     11.60     0
1927   9     11.20     0
1927  10      9.80     0
1927  11      9.50     0
1927  12      9.90     0
1928   1     10.80     0
1928   2     10.40     0
1928   3     10.10     0
1928   4      9.60     0
1928   5      9.50     0
1928   6     10.20     0
1928   7     11.40     0
1928   8     11.60     0
1928   9     11.20     0
1928  10      9.80     0
1928  11      9.50     0
1928  12      9.90     0
1929   1     10.80     0
1929   2     10.40     0
1929   3     10.10     0
1929   4      9.60     0
1929   5      9.50     0
1929   6     10.20     0
1929   7     11.40     0
1929   8     11.60     0
1929   9     11.20     0
1929  10      9.80     0
1929  11      9.50     0
1929  12      9.90     0
1930   1     13.10     1
1930   2     10.40     0
1930   3     11.70     1
1930   4      9.60     0
1930   5      9.50     0
1930   6     11.00     1
1930   7     12.20     1
1930   8     12.70     1
1930   9     12.80     1
1930  10      9.10     1
1930  11      9.30     1
1930  12     10.50     1
1931   1     11.10     1
1931   2      9.90     1
1931   3     10.10     1
1931   4     10.10     1
1931   5      8.40     1
1931   6      9.00     1
1931   7      9.80     1
1931   8     12.10     1
1931   9     10.30     1
1931  10     10.90     1
1931  11     10.50     1
1931  12      8.40     1
1932   1      8.60     1
1932   2      9.10     1
1932   3      9.50     1
1932   4      8.70     1
1932   5      7.40     1
1932   6      8.60     1
1932   7     11.60     1
1932   8     10.00     1
1932   9     10.90     1
1932  10      8.30     1
1932  11      8.90     1
1932  12      9.20     1
1933   1      8.20     1
1933   2      9.70     1
1933   3      8.70     1
1933   4      9.10     1
1933   5      8.40     1
1933   6      9.00     1
1933   7     10.40     1
1933   8     13.30     1
1933   9     13.20     1
1933  10     11.20     1
1933  11      8.70     1
1933  12      9.40     1
1934   1     11.70     1
1934   2     11.30     1
1934   3     11.30     1
1934   4     11.40     1
1934   5     10.70     1
1934   6      9.60     1
1934   7     11.80     1
1934   8     13.70     1
1934   9     11.20     0
1934  10     10.50     1
1934  11      9.90     1
1934  12     10.50     1
1935   1     11.50     1
1935   2     10.50     1
1935   3     10.10     1
1935   4     10.90     1
1935   5     10.00     1
1935   6     10.60     1
1935   7     13.10     1
1935   8     11.90     1
1935   9     13.80     1
1935  10      9.80     0
1935  11     10.10     1
1935  12      9.90     0
1936   1     10.80     0
1936   2     13.00     1
1936   3     10.10     0
1936   4     11.80     1
1936   5     10.40     1
1936   6     11.80     1
1936   7     12.70     1
1936   8     14.10     1
1936   9     13.80     1
1936  10     11.20     1
1936  11      9.50     0
1936  12     11.70     1
1937   1     11.50     1
1937   2     10.40     0
1937   3     10.10     0
1937   4     11.60     1
1937   5     11.30     1
1937   6     10.20     0
1937   7     11.40     0
1937   8     11.60     0
1937   9     12.00     1
1937  10     11.80     1
1937  11     10.30     1
1937  12     11.10     1
1938   1     11.50     1
1938   2     10.90     1
1938   3     10.70     1
1938   4      9.50     1
1938   5     10.00     1
1938   6     11.20     1
1938   7     12.50     1
1938   8     11.90     1
1938   9     13.20     1
1938  10     10.90     1
1938  11     11.10     1
1938  12     10.90     1
1939   1     13.40     1
1939   2     10.40     0
1939   3     10.10     0
1939   4     11.10     1
1939   5     11.10     1
1939   6     10.20     0
1939   7     13.30     1
1939   8     11.60     0
1939   9     11.20     0
1939  10     11.40     1
1939  11      9.50     0
1939  12      9.90     0
1940   1     13.60     1
1940   2     13.20     2
1940   3     15.30     1
1940   4      9.60     0
1940   5     11.30     1
1940   6     11.80     1
1940   7     12.40     1
1940   8     11.60     0
1940   9     13.20     1
1940  10     11.90     2
1940  11     11.90     2
1940  12     12.90     1
1941   1     12.60     2
1941   2     12.50     2
1941   3     11.80     2
1941   4     10.00     3
1941   5      9.30     3
1941   6      9.60     2
1941   7     11.90     3
1941   8     11.70     2
1941   9     11.30     2
1941  10     11.00     3
1941  11     11.40     3
1941  12     11.10     3
1942   1     13.00     3
1942   2     11.70     4
1942   3     10.50     4
1942   4     10.80     3
1942   5     10.30     4
1942   6     11.70     3
1942   7     13.50     2
1942   8     12.50     3
1942   9     12.90     3
1942  10     10.50     4
1942  11     10.60     4
1942  12     10.30     3
1943   1     11.00     3
1943   2     10.80     3
1943   3     10.90     3
1943   4     10.30     3
1943   5     10.00     3
1943   6     11.50     3
1943   7     11.20     2
1943   8     12.80     3
1943   9     13.10     3
1943  10     10.90     3
1943  11     11.30     2
1943  12     10.60     3
1944   1     11.00     4
1944   2     11.40     4
1944   3     10.50     3
1944   4     10.60     2
1944   5      9.40     4
1944   6     10.10     4
1944   7     12.00     4
1944   8     12.10     4
1944   9     12.00     4
1944  10     10.60     4
1944  11     10.20     4
1944  12     10.70     4
1945   1     11.00     6
1945   2     10.80     5
1945   3     10.90     5
1945   4      9.20     6
1945   5      9.20     6
1945   6      9.90     5
1945   7     12.10     6
1945   8     11.60     6
1945   9     12.20     6
1945  10     10.10     6
1945  11     10.00     6
1945  12     10.90     6
1946   1     11.50     6
1946   2     11.10     6
1946   3     10.80     6
1946   4      9.10     6
1946   5      9.50     6
1946   6     11.50     6
1946   7     12.00     5
1946   8     12.20     6
1946   9     12.30     6
1946  10     10.80     5
1946  11      9.90     6
1946  12     10.20     6
1947   1     11.30     5
1947   2     11.50     5
1947   3     12.70     5
1947   4     10.60     5
1947   5     10.10     5
1947   6     10.40     5
1947   7     11.00     5
1947   8     12.10     5
1947   9     11.90     5
1947  10      9.50     5
1947  11     10.90     5
1947  12     12.60     5
1948   1     12.50     7
1948   2     12.00     7
1948   3     10.90     7
1948   4      9.30     7
1948   5      9.60     6
1948   6     10.60     6
1948   7     12.20     7
1948   8     12.60     7
1948   9     12.10     6
1948  10     10.60     6
1948  11     10.00     6
1948  12     11.10     6
1949   1     11.50     6
1949   2     10.50     4
1949   3     10.40     4
1949   4     10.80     4
1949   5     10.90     3
1949   6     10.80     3
1949   7     12.30     4
1949   8     12.10     3
1949   9     12.40     4
1949  10     10.60     5
1949  11     11.10     4
1949  12     11.40     6
1950   1     12.30     5
1950   2     10.60     6
1950   3     10.50     5
1950   4     10.70     4
1950   5     10.00     3
1950   6     10.10     3
1950   7     11.70     3
1950   8     12.10     3
1950   9     12.80     2
1950  10     10.30     2
1950  11     10.60     2
1950  12     10.70     1
1951   1     11.70     2
1951   2      9.30     2
1951   3     10.80     2
1951   4      9.90     2
1951   5     10.00     2
1951   6     10.20     2
1951   7     11.20     2
1951   8     12.20     2
1951   9     11.80     2
1951  10     11.50     2
1951  11     11.00     2
1951  12     10.50     2
1952   1     11.80     2
1952   2     11.60     2
1952   3     11.70     2
1952   4      9.60     2
1952   5      9.30     2
1952   6     10.40     2
1952   7     12.20     3
1952   8     12.90     3
1952   9     13.50     2
1952  10     11.60     4
1952  11     11.10     5
1952  12     10.90     7
1953   1     11.80     6
1953   2     12.00     6
1953   3     11.00     6
1953   4     10.50     7
1953   5      9.80     7
1953   6     11.00     5
1953   7     12.70     6
1953   8     11.90     4
1953   9     13.00     5
1953  10     10.60     7
1953  11     10.60     7
1953  12     11.40     7
1954   1     13.70     4
1954   2     11.90     5
1954   3     12.30     5
1954   4     10.40     3
1954   5     10.90     4
1954   6     11.40     5
1954   7     12.20     5
1954   8     13.00     4
1954   9     13.00     6
1954  10     10.40     5
1954  11     10.90     5
1954  12     10.70     5
1955   1     12.60     5
1955   2     12.50     6
1955   3     10.70     6
1955   4     11.10     5
1955   5     10.40     7
1955   6     11.00     7
1955   7     11.20     5
1955   8     12.80     4
1955   9     12.80     5
1955  10     10.70     6
1955  11     11.50     6
1955  12     11.40     6
1956   1     11.00     4
1956   2     11.00     4
1956   3     10.10     3
1956   4     11.10     3
1956   5     10.80     5
1956   6     11.50     5
1956   7     13.00     5
1956   8     12.40     4
1956   9     12.50     5
1956  10     10.30     5
1956  11     11.60     5
1956  12     10.90     5
1957   1     13.40     6
1957   2     11.80     6
1957   3     11.90     6
1957   4     11.20     6
1957   5     10.50     6
1957   6     11.90     5
1957   7     12.40     6
1957   8     12.80     6
1957   9     13.20     6
1957  10     11.60     6
1957  11     11.60     6
1957  12     12.10     6
1958   1     13.00     7
1958   2     13.20     6
1958   3     12.10     6
1958   4     10.40     5
1958   5     10.20     5
1958   6     11.10     4
1958   7     12.30     4
1958   8     12.60     5
1958   9     13.90     5
1958  10     12.40     4
1958  11     11.70     6
1958  12     11.10     7
1959   1     12.90     7
1959   2     13.40     7
1959   3     11.90     7
1959   4     11.30     7
1959   5     11.00     6
1959   6     11.10     7
1959   7     12.10     6
1959   8     12.90     7
1959   9     12.90     8
1959  10     11.10     8
1959  11     10.90     7
1959  12     10.80     8
1960   1     12.40     7
1960   2     11.80     7
1960   3     12.20     7
1960   4     11.10     7
1960   5     10.80     6
1960   6     11.80     7
1960   7     13.00     6
1960   8     13.30     6
1960   9     12.90     6
1960  10     11.70     6
1960  11     11.50     6
1960  12     11.20     5
1961   1     12.90     7
1961   2     13.60     7
1961   3     12.10     8
1961   4     11.10     8
1961   5     11.80     8
1961   6     11.70     8
1961   7     12.70     8
1961   8     12.90     8
1961   9     13.50     8
1961  10     11.50     8
1961  11     10.40     8
1961  12     12.20     8
1962   1     12.00     8
1962   2     11.60     8
1962   3     10.50     8
1962   4     10.40     8
1962   5      9.90     8
1962   6     11.10     8
1962   7     12.70     8
1962   8     12.70     8
1962   9     13.30     8
1962  10     11.60     8
1962  11     10.80     8
1962  12     11.10     8
1963   1     12.50     8
1963   2     10.80     8
1963   3     11.40     8
1963   4     10.70     8
1963   5     10.50     8
1963   6     11.40     8
1963   7     12.00     8
1963   8     12.80     8
1963   9     12.90     8
1963  10     11.80     8
1963  11     10.70     8
1963  12     11.20     8
1964   1     13.60     8
1964   2     12.40     8
1964   3     12.70     8
1964   4      9.70     8
1964   5     10.40     8
1964   6     10.30     8
1964   7     12.30     8
1964   8     11.80     8
1964   9     11.60     8
1964  10     10.90     8
1964  11     10.30     8
1964  12     10.80     8
1965   1     11.40     8
1965   2     12.00     8
1965   3     12.20     8
1965   4      9.50     8
1965   5      9.60     8
1965   6     11.50     8
1965   7     12.50     8
1965   8     12.10     8
1965   9     11.80     8
1965  10     10.80     8
1965  11      9.90     8
1965  12     11.00     8
1966   1     12.10     8
1966   2     12.60     8
1966   3     10.40     8
1966   4     10.90     8
1966   5     10.60     8
1966   6     11.10     8
1966   7     11.60     8
1966   8     12.10     8
1966   9     12.00     8
1966  10     11.10     8
1966  11     10.00     8
1966  12      9.70     8
1967   1     10.80     8
1967   2      9.90     8
1967   3     10.50     8
1967   4     10.30     8
1967   5     10.10     8
1967   6     10.10     8
1967   7     11.50     8
1967   8     12.80     8
1967   9     12.30     8
1967  10     10.40     8
1967  11     10.30     8
1967  12     10.80     8
1968   1     11.60     8
1968   2     10.40     8
1968   3     10.20     8
1968   4      9.70     8
1968   5     10.00     8
1968   6     10.00     8
1968   7     11.60     8
1968   8     12.10     8
1968   9     10.50     8
1968  10     10.90     8
1968  11     10.40     8
1968  12     11.30     8
1969   1     11.20     8
1969   2     10.70     8
1969   3     11.10     8
1969   4      9.90     8
1969   5      9.70     8
1969   6     11.10     8
1969   7     12.50     8
1969   8     12.00     8
1969   9     11.70     8
1969  10     10.00     8
1969  11     10.60     8
1969  12     10.30     8
1970   1     10.80     8
1970   2     10.40     8
1970   3     10.70     8
1970   4      9.90     8
1970   5      9.90     8
1970   6     10.70     8
1970   7     11.40     8
1970   8     11.50     8
1970   9     10.70     8
1970  10     10.20     8
1970  11      9.30     8
1970  12     10.00     8
1971   1      9.50     8
1971   2      9.20     8
1971   3      9.10     8
1971   4     10.00     7
1971   5      8.80     8
1971   6      9.80     8
1971   7     11.20     8
1971   8     10.80     7
1971   9     10.70     7
1971  10      9.50     8
1971  11      9.60     7
1971  12     10.40     8
1972   1      9.50     8
1972   2     10.30     8
1972   3      9.80     6
1972   4     10.50     8
1972   5      8.80     8
1972   6      9.90     7
1972   7     11.20     7
1972   8     10.90     7
1972   9     11.10     7
1972  10     10.40     8
1972  11     10.00     6
1972  12     10.10     8
1973   1     11.20     7
1973   2     11.40     7
1973   3     10.20     8
1973   4     10.00     7
1973   5      9.40     8
1973   6      9.10     8
1973   7     10.60     8
1973   8     10.70     8
1973   9      9.40     8
1973  10      8.80     8
1973  11      9.10     8
1973  12      8.40     7
1974   1      9.10     8
1974   2      9.00     8
1974   3      9.20     7
1974   4      9.20     8
1974   5      9.20     8
1974   6      9.60     8
1974   7     10.90     7
1974   8     10.80     8
1974   9     10.30     8
1974  10      9.10     8
1974  11      8.40     7
1974  12     10.00     8
1975   1     10.80     8
1975   2      9.40     8
1975   3      9.70     8
1975   4     10.20     8
1975   5      9.50     8
1975   6     10.20     8
1975   7     10.70     8
1975   8     10.40     8
1975   9     10.20     8
1975  10      9.20     8
1975  11      8.60     8
1975  12      7.90     8
1976   1      9.80     8
1976   2      8.80     8
1976   3      8.60     8
1976   4      8.70     8
1976   5      9.00     8
1976   6      9.80     8
1976   7     11.00     8
1976   8     11.90     8
1976   9     11.50     8
1976  10      8.90     8
1976  11      9.30     8
1976  12      9.10     8
1977   1     11.00     8
1977   2     10.60     8
1977   3     10.00     8
1977   4      9.10     8
1977   5      8.60     8
1977   6      9.70     8
1977   7     11.10     8
1977   8     11.00     8
1977   9     10.10     8
1977  10      8.80     8
1977  11      8.90     8
1977  12      9.80     8
1978   1     10.80     8
1978   2     10.50     8
1978   3      9.20     8
1978   4      8.40     8
1978   5      9.00     8
1978   6      9.60     8
1978   7     11.00     8
1978   8     11.50     8
1978   9     10.90     8
1978  10      9.30     8
1978  11      8.90     8
1978  12      9.00     8
1979   1      9.70     8
1979   2     10.40     7
1979   3      8.70     7
1979   4      9.10     7
1979   5      8.90     8
1979   6      9.30     8
1979   7     11.40     8
1979   8     11.10     6
1979   9     10.30     7
1979  10      9.20     8
1979  11      8.90     8
1979  12      9.60     8
1980   1     10.30     7
1980   2      9.80     8
1980   3      9.90     8
1980   4      9.70     8
1980   5      9.40     8
1980   6      9.80     8
1980   7     11.20     8
1980   8     11.80     8
1980   9     11.00     7
1980  10      9.20     7
1980  11      9.10     8
1980  12      9.30     7
1981   1     10.60     7
1981   2      9.50     7
1981   3      9.70     7
1981   4      8.60     8
1981   5      8.40     8
1981   6      9.50     8
1981   7     10.90     8
1981   8     11.10     8
1981   9     11.10     7
1981  10      9.60     8
1981  11      9.00     8
1981  12      9.20     8
1982   1      9.60     8
1982   2      8.60     8
1982   3      8.80     8
1982   4      8.10     7
1982   5      8.90     8
1982   6     10.30     8
1982   7     10.90     8
1982   8     11.80     7
1982   9     10.60     7
1982  10      9.40     8
1982  11      9.20     8
1982  12      9.10     8
1983   1     10.30     8
1983   2     10.60     8
1983   3      9.80     8
1983   4      8.60     7
1983   5      9.00     8
1983   6     10.30     8
1983   7     11.10     8
1983   8     11.50     8
1983   9     11.50     8
1983  10      9.30     8
1983  11      9.40     8
1983  12      8.90     8
1984   1      9.70     8
1984   2      8.80     8
1984   3     10.30     8
1984   4      9.10     8
1984   5      9.10     8
1984   6      9.50     8
1984   7     10.40     8
1984   8     10.60     8
1984   9      9.90     8
1984  10      9.00     8
1984  11      8.70     8
1984  12      9.10     8
1985   1      9.40     8
1985   2     11.40     8
1985   3      9.10     8
1985   4      9.90     8
1985   5      9.30     8
1985   6      9.80     8
1985   7     11.30     8
1985   8     10.70     8
1985   9     10.40     8
1985  10      9.20     8
1985  11      8.60     8
1985  12      9.70     8
1986   1      9.80     8
1986   2      9.10     8
1986   3      9.00     8
1986   4      9.00     8
1986   5      9.60     8
1986   6      9.70     8
1986   7     11.70     8
1986   8     11.50     7
1986   9     11.60     8
1986  10      9.20     8
1986  11      9.30     8
1986  12     10.20     8
1987   1     11.30     8
1987   2     11.10     8
1987   3     10.20     8
1987   4      9.90     7
1987   5     10.00     8
1987   6     11.10     8
1987   7     11.10     8
1987   8     11.80     8
1987   9     12.20     8
1987  10      9.00     8
1987  11      9.70     8
1987  12     11.30     8
1988   1     11.80     8
1988   2     10.70     8
1988   3     10.50     8
1988   4      9.20     7
1988   5      9.50     7
1988   6     11.00     7
1988   7     11.00     7
1988   8     11.90     6
1988   9     10.40     7
1988  10      9.30     8
1988  11      8.70     8
1988  12      9.10     8
1989   1     10.00     8
1989   2     10.20     8
1989   3      9.50     8
1989   4      9.50     6
1989   5      8.40     6
1989   6      9.50     6
1989   7     10.50     6
1989   8     10.90     4
1989   9     10.20     5
1989  10      9.30     7
1989  11      9.10     7
1989  12      9.80     7
1990   1     10.10     7
1990   2      8.50     7
1990   3      8.90     8
1990   4      8.50     7
1990   5      8.60     8
1990   6      9.80     7
1990   7     11.20     8
1990   8     11.20     6
1990   9     11.70     7
1990  10      9.30     8
1990  11      9.30     8
1990  12      9.00     8
1991   1     11.60     3
1991   2     10.60     4
1991   3      9.20     4
1991   4      9.70     4
1991   5      8.60     5
1991   6      9.50     4
1991   7      9.80     4
1991   8     10.40     4
1991   9     10.80     4
1991  10     10.80     4
1991  11      9.50     3
1991  12      9.00     2
1992   1     11.00     2
1992   2      9.70     2
1992   3     11.20     2
1992   4      9.60     3
1992   5     10.00     3
1992   6     10.20     3
1992   7      9.60     3
1992   8      9.90     3
1992   9     11.30     3
1992  10     10.30     3
1992  11      9.60     3
1992  12      8.70     3
1993   1      9.70     3
1993   2      9.80     3
1993   3     10.10     1
1993   4      9.60     1
1993   5      9.40     1
1993   6     10.20     1
1993   7     11.40     1
1993   8     11.70     1
1993   9     11.20     1
1993  10      9.90     1
1993  11      9.50     1
1993  12     10.00     1
1994   1     10.70     1
1994   2     10.40     1
1994   3     10.00     1
1994   4      9.60     1
1994   5      9.50     1
1994   6     10.30     1
1994   7     11.30     1
1994   8     11.50     1
1994   9     11.20     1
1994  10      9.70     1
1994  11      9.50     1
1994  12      9.90     1
1995   1     10.90     1
1995   2     10.50     1
1995   3     10.10     1
1995   4      9.60     1
1995   5      9.60     1
1995   6     10.30     1
1995   7     11.30     1
1995   8     11.60     1
1995   9     11.30     1
1995  10      9.80     1
1995  11      9.60     1
1995  12     10.00     1
1996   1     10.90     1
1996   2      7.80     3
1996   3      6.30     3
1996   4      6.80     3
1996   5      9.50     1
1996   6     10.10     1
1996   7      8.70     3
1996   8      9.50     4
1996   9     11.30     2
1996  10      6.50     3
1996  11      7.10     3
1996  12      7.10     4
1997   1      7.20     2
1997   2      6.80     3
1997   3      7.10     4
1997   4      6.80     4
1997   5      7.00     2
1997   6      7.10     4
1997   7     11.50     1
1997   8     11.70     1
1997   9      7.90     3
1997  10      5.80     4
1997  11      5.80     3
1997  12      7.60     2
1998   1      7.50     5
1998   2     10.40     1
1998   3      5.30     3
1998   4      7.40     3
1998   5      7.70     3
1998   6      6.80     4
1998   7      9.80     2
1998   8      8.50     3
1998   9     11.10     2
1998  10      7.30     3
1998  11      8.10     3
1998  12      7.10     3
1999   1      8.70     2
1999   2      6.70     3
1999   3     10.00     1
1999   4      9.70     1
1999   5      9.60     1
1999   6     10.20     1
1999   7     11.50     1
1999   8     11.70     1
1999   9     11.20     1
1999  10     10.00     1
1999  11      9.70     1
1999  12      9.90     1
2000   1     10.80     1
2000   2     10.40     1
2000   3     10.10     1
2000   4      9.80     1
2000   5      9.60     1
2000   6     10.30     1
2000   7     11.50     1
2000   8     11.70     1
2000   9     11.20     1
2000  10     10.00     1
2000  11      9.60     1
2000  12     10.10     1
2001   1     11.00     1
2001   2     10.60     1
2001   3     10.20     1
2001   4      9.70     1
2001   5      9.70     1
2001   6     10.30     1
2001   7     11.50     1
2001   8     11.60     0
2001   9     11.40     1
2001  10      9.90     1
2001  11      9.70     1
2001  12     10.00     1
2002   1     11.00     1
2002   2     10.50     1
2002   3     10.20     1
2002   4      9.60     1
2002   5      9.60     1
2002   6     10.30     1
2002   7     11.50     1
2002   8      9.60     2
2002   9     11.40     2
2002  10      6.80     2
2002  11      5.60     2
2002  12      6.30     4
2003   1      9.30     2
2003   2     10.40     2
2003   3      7.20     5
2003   4      7.20     3
2003   5      9.60     2
2003   6      8.80     3
2003   7      9.80     2
2003   8     11.60     0
2003   9      8.30     2
2003  10      7.00     5
2003  11      7.10     4
2003  12      8.90     3
2004   1      6.50     3
2004   2      6.50     3
2004   3      6.00     4
2004   4      6.30     3
2004   5      9.60     1
2004   6      7.60     2
2004   7     11.50     1
2004   8      9.40     3
2004   9     11.10     1
2004  10     10.00     1
2004  11      7.70     3
2004  12      7.30     3
2005   1      8.50     2
2005   2      7.10     4
2005   3      5.90     4
2005   4      6.10     3
2005   5      9.50     2
2005   6      6.90     4
2005   7     11.60     1
2005   8     11.70     2
2005   9     11.30     2
2005  10      6.30     4
2005  11      7.80     3
2005  12      7.20     2
2006   1      8.70     2
2006   2     10.50     1
2006   3      6.30     3
2006   4      5.70     3
2006   5      5.90     2
2006   6      7.20     4
2006   7      8.20     4
2006   8      9.90     3
2006   9     11.30     2
2006  10      6.40     5
2006  11      9.60     2
2006  12      8.00     2
2007   1      8.10     2
2007   2      9.70     2
2007   3      7.50     4
2007   4      7.20     3
2007   5      6.50     3
2007   6      7.00     3
2007   7     11.50     1
2007   8     11.50     2
2007   9     11.20     2
2007  10      6.80     4
2007  11      9.30     6
2007  12      7.30     2
2008   1      9.90     6
2008   2      9.80     6
2008   3      9.70     4
2008   4      9.60     5
2008   5      9.00     6
2008   6      9.40     6
2008   7     11.10     5
2008   8     11.60     5
2008   9     10.60     5
2008  10      9.30     6
2008  11      8.40     6
2008  12      7.90     5
2009   1      9.50     6
2009   2      9.30     6
2009   3      8.30     6
2009   4      9.10     5
2009   5      9.60     6
2009   6     10.10     4
2009   7     11.30     6
2009   8     11.70     5
2009   9     11.30     4
2009  10     10.30     6
2009  11      9.30     5
2009  12     10.60     5
2010   1     12.20     5
2010   2     11.50     6
2010   3     10.30     6
2010   4      8.30     5
2010   5      9.00     6
2010   6     10.10     6
2010   7     11.50     6
2010   8     11.20     5
2010   9     10.60     5
2010  10      9.20     6
2010  11      7.90     6
2010  12      8.80     6
2011   1     10.60     5
2011   2      9.30     6
2011   3      8.80     6
2011   4      9.10     4
2011   5      9.10     5
2011   6      9.30     6
2011   7     11.30     2
2011   8     11.40     6
2011   9     10.40     5
2011  10      9.00     7
2011  11      8.20     5
2011  12      8.20     7
2012   1      9.10     7
2012   2      9.00     7
2012   3      8.70     3
2012   4      8.50     6
2012   5      8.20     7
2012   6      9.50     7
2012   7     10.50     7
2012   8     11.00     6
2012   9     10.00     6
2012  10      9.20     6
2012  11      9.00     5
2012  12      8.60     5
2013   1     10.20     7
2013   2      7.80     7
2013   3      9.00     6
2013   4      9.20     6
2013   5      8.50     7
2013   6      9.90     7
2013   7     11.20     7
2013   8     11.20     6
2013   9     10.60     6
2013  10      9.90     6
2013  11      8.30     7
2013  12      9.10     7
2014   1     10.20     7
2014   2      8.50     7
2014   3      9.20     7
2014   4     10.00     6
2014   5      9.40     7
2014   6      9.80     7
2014   7     11.30     7
2014   8     11.90     6
2014   9     11.40     6
2014  10      9.10     7
2014  11      8.90     7
2014  12      9.60     7
2015   1     10.30     7
2015   2      8.40     7
2015   3      8.90     7
2015   4      9.20     6
2015   5      9.40     7
2015   6      9.30     7
2015   7      9.80     7
2015   8     11.20     5
2015   9     11.10     4
2015  10      9.70     6
2015  11      7.60     6
2015  12     10.20     6
2016   1     10.50     6
2016   2      8.20     6
2016   3      9.30     5
2016   4      8.10     6
2016   5      8.60     6
2016   6      8.60     6
2016   7     10.40     7
2016   8     11.40     6
2016   9     10.40     6
2016  10      9.00     6
2016  11      6.80     5
2016  12      8.70     7
2017   1      9.30     6
2017   2      8.70     5
2017   3      8.30     6
2017   4      8.40     5
2017   5      8.70     6
2017   6      9.20     7
2017   7     10.10     6
2017   8     11.60     0
2017   9     11.20     0
2017  10      9.80     0
2017  11      9.60     1
2017  12      8.90     6
2018   1      9.40     6
2018   2      8.70     6
2018   3      9.30     6
2018   4      8.30     5
2018   5      9.00     5
2018   6      9.30     6
2018   7     10.40     6
2018   8     11.80     5
2018   9     10.90     5
2018  10      9.20     5
2018  11      8.70     5
2018  12     10.30     6
2019   1     10.10     6
2019   2      9.20     6
2019   3      9.00     6
2019   4      9.00     5
2019   5      9.10     6
2019   6      9.50     6
2019   7     11.00     6
2019   8     11.40     5
2019   9     10.90     5
2019  10      9.20     6
2019  11      8.60     5
2019  12      8.90     6
